%Mat Object:() 1 MPI processes
%  type: seqaij
% Size = 231 231 
% Nonzeros = 1118 
zzz = zeros(1119,3);
zzz = [
1 1  1.0000000000000000e+00
2 2  1.0000000000000000e+00
3 1  -8.0286596119929484e+01
3 2  -2.5633156966490299e+02
3 3  6.8895943562610228e+02
3 4  1.0742504409171077e+02
3 5  -4.3059964726631399e+01
3 6  -1.3983245149911821e+02
3 7  2.9781305114638451e+02
3 8  4.2045855379188716e+01
3 9  -8.0286596119929470e+01
3 10  1.0742504409171077e+02
3 11  -4.3059964726631392e+01
3 12  4.2045855379188708e+01
3 45  -2.5633156966490299e+02
3 46  -8.0286596119929470e+01
3 47  -1.3983245149911818e+02
3 48  -4.3059964726631399e+01
3 49  -8.0286596119929499e+01
3 50  -4.3059964726631399e+01
4 1  -1.2816578483245152e+02
4 2  -8.0286596119929484e+01
4 3  1.0742504409171077e+02
4 4  3.4447971781305114e+02
4 5  -6.9916225749559104e+01
4 6  -4.3059964726631392e+01
4 7  4.2045855379188723e+01
4 8  1.4890652557319225e+02
4 45  -8.0286596119929470e+01
4 46  -1.2816578483245146e+02
4 47  -4.3059964726631399e+01
4 48  -6.9916225749559089e+01
5 5  1.0000000000000000e+00
6 6  1.0000000000000000e+00
7 1  -4.3059964726631399e+01
7 2  -1.3983245149911821e+02
7 3  2.9781305114638451e+02
7 4  4.2045855379188723e+01
7 5  -1.6057319223985897e+02
7 6  -5.1266313932980620e+02
7 7  1.3779188712522048e+03
7 8  2.1485008818342158e+02
7 9  -4.3059964726631399e+01
7 10  4.2045855379188716e+01
7 11  -1.6057319223985894e+02
7 12  2.1485008818342163e+02
7 45  -1.3983245149911818e+02
7 46  -4.3059964726631399e+01
7 47  -5.1266313932980597e+02
7 48  -1.6057319223985894e+02
7 49  -4.3059964726631399e+01
7 50  -1.6057319223985897e+02
7 155  -4.3059964726631421e+01
7 156  -1.3983245149911824e+02
7 157  2.9781305114638462e+02
7 158  4.2045855379188737e+01
7 159  -4.3059964726631399e+01
7 160  4.2045855379188737e+01
7 177  -1.3983245149911821e+02
7 178  -4.3059964726631399e+01
7 179  -4.3059964726631407e+01
8 1  -6.9916225749559104e+01
8 2  -4.3059964726631399e+01
8 3  4.2045855379188716e+01
8 4  1.4890652557319225e+02
8 5  -2.5633156966490310e+02
8 6  -1.6057319223985897e+02
8 7  2.1485008818342158e+02
8 8  6.8895943562610228e+02
8 45  -4.3059964726631399e+01
8 46  -6.9916225749559089e+01
8 47  -1.6057319223985894e+02
8 48  -2.5633156966490299e+02
8 155  -6.9916225749559118e+01
8 156  -4.3059964726631421e+01
8 157  4.2045855379188737e+01
8 158  1.4890652557319231e+02
8 177  -4.3059964726631399e+01
8 178  -6.9916225749559104e+01
9 9  1.0000000000000000e+00
10 2  -8.0286596119929499e+01
10 3  1.0742504409171077e+02
10 6  -4.3059964726631407e+01
10 7  4.2045855379188716e+01
10 9  -2.5633156966490304e+02
10 10  6.8895943562610228e+02
10 11  -1.3983245149911824e+02
10 12  2.9781305114638457e+02
10 13  -8.0286596119929456e+01
10 14  1.0742504409171079e+02
10 15  -4.3059964726631392e+01
10 16  4.2045855379188730e+01
10 45  -8.0286596119929470e+01
10 47  -4.3059964726631392e+01
10 49  -2.5633156966490299e+02
10 50  -1.3983245149911818e+02
10 51  -8.0286596119929541e+01
10 52  -4.3059964726631435e+01
11 11  1.0000000000000000e+00
12 2  -4.3059964726631407e+01
12 3  4.2045855379188708e+01
12 6  -1.6057319223985900e+02
12 7  2.1485008818342163e+02
12 9  -1.3983245149911824e+02
12 10  2.9781305114638457e+02
12 11  -5.1266313932980620e+02
12 12  1.3779188712522050e+03
12 13  -4.3059964726631392e+01
12 14  4.2045855379188723e+01
12 15  -1.6057319223985888e+02
12 16  2.1485008818342158e+02
12 45  -4.3059964726631392e+01
12 47  -1.6057319223985891e+02
12 49  -1.3983245149911818e+02
12 50  -5.1266313932980597e+02
12 51  -4.3059964726631435e+01
12 52  -1.6057319223985905e+02
12 156  -4.3059964726631421e+01
12 157  4.2045855379188751e+01
12 159  -1.3983245149911824e+02
12 160  2.9781305114638451e+02
12 161  -4.3059964726631392e+01
12 162  4.2045855379188723e+01
12 177  -4.3059964726631399e+01
12 179  -1.3983245149911821e+02
12 180  -4.3059964726631421e+01
13 13  1.0000000000000000e+00
14 9  -8.0286596119929527e+01
14 10  1.0742504409171079e+02
14 11  -4.3059964726631435e+01
14 12  4.2045855379188723e+01
14 13  -2.5633156966490304e+02
14 14  6.8895943562610228e+02
14 15  -1.3983245149911824e+02
14 16  2.9781305114638457e+02
14 17  -8.0286596119929484e+01
14 18  1.0742504409171077e+02
14 19  -4.3059964726631392e+01
14 20  4.2045855379188723e+01
14 49  -8.0286596119929470e+01
14 50  -4.3059964726631392e+01
14 51  -2.5633156966490299e+02
14 52  -1.3983245149911818e+02
14 53  -8.0286596119929470e+01
14 54  -4.3059964726631399e+01
15 15  1.0000000000000000e+00
16 9  -4.3059964726631435e+01
16 10  4.2045855379188730e+01
16 11  -1.6057319223985903e+02
16 12  2.1485008818342158e+02
16 13  -1.3983245149911824e+02
16 14  2.9781305114638457e+02
16 15  -5.1266313932980609e+02
16 16  1.3779188712522048e+03
16 17  -4.3059964726631399e+01
16 18  4.2045855379188716e+01
16 19  -1.6057319223985897e+02
16 20  2.1485008818342158e+02
16 49  -4.3059964726631392e+01
16 50  -1.6057319223985888e+02
16 51  -1.3983245149911818e+02
16 52  -5.1266313932980597e+02
16 53  -4.3059964726631399e+01
16 54  -1.6057319223985894e+02
16 159  -4.3059964726631421e+01
16 160  4.2045855379188723e+01
16 161  -1.3983245149911821e+02
16 162  2.9781305114638457e+02
16 163  -4.3059964726631421e+01
16 164  4.2045855379188737e+01
16 179  -4.3059964726631378e+01
16 180  -1.3983245149911818e+02
16 181  -4.3059964726631399e+01
17 17  1.0000000000000000e+00
18 13  -8.0286596119929484e+01
18 14  1.0742504409171077e+02
18 15  -4.3059964726631399e+01
18 16  4.2045855379188716e+01
18 17  -2.5633156966490299e+02
18 18  6.8895943562610228e+02
18 19  -1.3983245149911818e+02
18 20  2.9781305114638457e+02
18 21  -8.0286596119929499e+01
18 22  1.0742504409171076e+02
18 23  -4.3059964726631407e+01
18 24  4.2045855379188716e+01
18 51  -8.0286596119929470e+01
18 52  -4.3059964726631399e+01
18 53  -2.5633156966490299e+02
18 54  -1.3983245149911818e+02
18 55  -8.0286596119929470e+01
18 56  -4.3059964726631392e+01
19 19  1.0000000000000000e+00
20 13  -4.3059964726631399e+01
20 14  4.2045855379188723e+01
20 15  -1.6057319223985897e+02
20 16  2.1485008818342158e+02
20 17  -1.3983245149911818e+02
20 18  2.9781305114638457e+02
20 19  -5.1266313932980609e+02
20 20  1.3779188712522048e+03
20 21  -4.3059964726631407e+01
20 22  4.2045855379188708e+01
20 23  -1.6057319223985897e+02
20 24  2.1485008818342146e+02
20 51  -4.3059964726631399e+01
20 52  -1.6057319223985894e+02
20 53  -1.3983245149911818e+02
20 54  -5.1266313932980597e+02
20 55  -4.3059964726631392e+01
20 56  -1.6057319223985888e+02
20 161  -4.3059964726631421e+01
20 162  4.2045855379188737e+01
20 163  -1.3983245149911821e+02
20 164  2.9781305114638451e+02
20 165  -4.3059964726631399e+01
20 166  4.2045855379188694e+01
20 180  -4.3059964726631399e+01
20 181  -1.3983245149911818e+02
20 182  -4.3059964726631385e+01
21 21  1.0000000000000000e+00
22 17  -8.0286596119929470e+01
22 18  1.0742504409171076e+02
22 19  -4.3059964726631392e+01
22 20  4.2045855379188708e+01
22 21  -2.5633156966490304e+02
22 22  6.8895943562610239e+02
22 23  -1.3983245149911821e+02
22 24  2.9781305114638457e+02
22 25  -8.0286596119929442e+01
22 26  1.0742504409171082e+02
22 27  -4.3059964726631371e+01
22 28  4.2045855379188751e+01
22 53  -8.0286596119929499e+01
22 54  -4.3059964726631399e+01
22 55  -2.5633156966490299e+02
22 56  -1.3983245149911818e+02
22 57  -8.0286596119929570e+01
22 58  -4.3059964726631442e+01
23 23  1.0000000000000000e+00
24 17  -4.3059964726631392e+01
24 18  4.2045855379188716e+01
24 19  -1.6057319223985888e+02
24 20  2.1485008818342146e+02
24 21  -1.3983245149911821e+02
24 22  2.9781305114638457e+02
24 23  -5.1266313932980620e+02
24 24  1.3779188712522048e+03
24 25  -4.3059964726631364e+01
24 26  4.2045855379188744e+01
24 27  -1.6057319223985888e+02
24 28  2.1485008818342166e+02
24 53  -4.3059964726631407e+01
24 54  -1.6057319223985900e+02
24 55  -1.3983245149911818e+02
24 56  -5.1266313932980597e+02
24 57  -4.3059964726631435e+01
24 58  -1.6057319223985911e+02
24 163  -4.3059964726631385e+01
24 164  4.2045855379188694e+01
24 165  -1.3983245149911824e+02
24 166  2.9781305114638457e+02
24 167  -4.3059964726631385e+01
24 168  4.2045855379188751e+01
24 181  -4.3059964726631399e+01
24 182  -1.3983245149911818e+02
24 183  -4.3059964726631435e+01
25 25  1.0000000000000000e+00
26 21  -8.0286596119929584e+01
26 22  1.0742504409171082e+02
26 23  -4.3059964726631449e+01
26 24  4.2045855379188744e+01
26 25  -2.5633156966490299e+02
26 26  6.8895943562610228e+02
26 27  -1.3983245149911818e+02
26 28  2.9781305114638451e+02
26 29  -8.0286596119929470e+01
26 30  1.0742504409171070e+02
26 31  -4.3059964726631399e+01
26 32  4.2045855379188687e+01
26 55  -8.0286596119929413e+01
26 56  -4.3059964726631364e+01
26 57  -2.5633156966490299e+02
26 58  -1.3983245149911818e+02
26 59  -8.0286596119929470e+01
26 60  -4.3059964726631392e+01
27 27  1.0000000000000000e+00
28 21  -4.3059964726631449e+01
28 22  4.2045855379188751e+01
28 23  -1.6057319223985917e+02
28 24  2.1485008818342166e+02
28 25  -1.3983245149911818e+02
28 26  2.9781305114638451e+02
28 27  -5.1266313932980609e+02
28 28  1.3779188712522048e+03
28 29  -4.3059964726631399e+01
28 30  4.2045855379188680e+01
28 31  -1.6057319223985894e+02
28 32  2.1485008818342141e+02
28 55  -4.3059964726631364e+01
28 56  -1.6057319223985877e+02
28 57  -1.3983245149911818e+02
28 58  -5.1266313932980597e+02
28 59  -4.3059964726631392e+01
28 60  -1.6057319223985894e+02
28 165  -4.3059964726631470e+01
28 166  4.2045855379188751e+01
28 167  -1.3983245149911821e+02
28 168  2.9781305114638451e+02
28 169  -4.3059964726631385e+01
28 170  4.2045855379188680e+01
28 182  -4.3059964726631357e+01
28 183  -1.3983245149911815e+02
28 184  -4.3059964726631385e+01
29 29  1.0000000000000000e+00
30 25  -8.0286596119929470e+01
30 26  1.0742504409171070e+02
30 27  -4.3059964726631399e+01
30 28  4.2045855379188680e+01
30 29  -2.5633156966490299e+02
30 30  6.8895943562610228e+02
30 31  -1.3983245149911818e+02
30 32  2.9781305114638451e+02
30 33  -8.0286596119929499e+01
30 34  1.0742504409171082e+02
30 35  -4.3059964726631407e+01
30 36  4.2045855379188737e+01
30 57  -8.0286596119929470e+01
30 58  -4.3059964726631392e+01
30 59  -2.5633156966490299e+02
30 60  -1.3983245149911818e+02
30 61  -8.0286596119929470e+01
30 62  -4.3059964726631399e+01
31 31  1.0000000000000000e+00
32 25  -4.3059964726631399e+01
32 26  4.2045855379188687e+01
32 27  -1.6057319223985894e+02
32 28  2.1485008818342141e+02
32 29  -1.3983245149911818e+02
32 30  2.9781305114638451e+02
32 31  -5.1266313932980609e+02
32 32  1.3779188712522046e+03
32 33  -4.3059964726631399e+01
32 34  4.2045855379188737e+01
32 35  -1.6057319223985900e+02
32 36  2.1485008818342166e+02
32 57  -4.3059964726631392e+01
32 58  -1.6057319223985894e+02
32 59  -1.3983245149911818e+02
32 60  -5.1266313932980597e+02
32 61  -4.3059964726631399e+01
32 62  -1.6057319223985891e+02
32 167  -4.3059964726631385e+01
32 168  4.2045855379188680e+01
32 169  -1.3983245149911821e+02
32 170  2.9781305114638451e+02
32 171  -4.3059964726631421e+01
32 172  4.2045855379188751e+01
32 183  -4.3059964726631392e+01
32 184  -1.3983245149911815e+02
32 185  -4.3059964726631392e+01
33 33  1.0000000000000000e+00
34 29  -8.0286596119929499e+01
34 30  1.0742504409171082e+02
34 31  -4.3059964726631399e+01
34 32  4.2045855379188737e+01
34 33  -2.5633156966490299e+02
34 34  6.8895943562610228e+02
34 35  -1.3983245149911818e+02
34 36  2.9781305114638451e+02
34 37  -8.0286596119929442e+01
34 38  1.0742504409171070e+02
34 39  -4.3059964726631378e+01
34 40  4.2045855379188687e+01
34 59  -8.0286596119929470e+01
34 60  -4.3059964726631399e+01
34 61  -2.5633156966490299e+02
34 62  -1.3983245149911818e+02
34 63  -8.0286596119929499e+01
34 64  -4.3059964726631407e+01
35 35  1.0000000000000000e+00
36 29  -4.3059964726631407e+01
36 30  4.2045855379188737e+01
36 31  -1.6057319223985900e+02
36 32  2.1485008818342166e+02
36 33  -1.3983245149911821e+02
36 34  2.9781305114638451e+02
36 35  -5.1266313932980597e+02
36 36  1.3779188712522046e+03
36 37  -4.3059964726631385e+01
36 38  4.2045855379188680e+01
36 39  -1.6057319223985888e+02
36 40  2.1485008818342141e+02
36 59  -4.3059964726631399e+01
36 60  -1.6057319223985891e+02
36 61  -1.3983245149911818e+02
36 62  -5.1266313932980586e+02
36 63  -4.3059964726631407e+01
36 64  -1.6057319223985900e+02
36 169  -4.3059964726631421e+01
36 170  4.2045855379188751e+01
36 171  -1.3983245149911821e+02
36 172  2.9781305114638445e+02
36 173  -4.3059964726631364e+01
36 174  4.2045855379188680e+01
36 184  -4.3059964726631392e+01
36 185  -1.3983245149911815e+02
36 186  -4.3059964726631399e+01
37 37  1.0000000000000000e+00
38 33  -8.0286596119929527e+01
38 34  1.0742504409171070e+02
38 35  -4.3059964726631421e+01
38 36  4.2045855379188680e+01
38 37  -2.5633156966490293e+02
38 38  6.8895943562610228e+02
38 39  -1.3983245149911818e+02
38 40  2.9781305114638451e+02
38 41  -8.0286596119929357e+01
38 42  1.0742504409171070e+02
38 43  -4.3059964726631343e+01
38 44  4.2045855379188694e+01
38 61  -8.0286596119929442e+01
38 62  -4.3059964726631378e+01
38 63  -2.5633156966490287e+02
38 64  -1.3983245149911815e+02
38 65  -8.0286596119929584e+01
38 66  -4.3059964726631449e+01
39 39  1.0000000000000000e+00
40 33  -4.3059964726631421e+01
40 34  4.2045855379188687e+01
40 35  -1.6057319223985900e+02
40 36  2.1485008818342141e+02
40 37  -1.3983245149911818e+02
40 38  2.9781305114638451e+02
40 39  -5.1266313932980586e+02
40 40  1.3779188712522046e+03
40 41  -4.3059964726631335e+01
40 42  4.2045855379188680e+01
40 43  -1.6057319223985866e+02
40 44  2.1485008818342141e+02
40 61  -4.3059964726631385e+01
40 62  -1.6057319223985883e+02
40 63  -1.3983245149911815e+02
40 64  -5.1266313932980574e+02
40 65  -4.3059964726631449e+01
40 66  -1.6057319223985914e+02
40 171  -4.3059964726631399e+01
40 172  4.2045855379188680e+01
40 173  -1.3983245149911812e+02
40 174  2.9781305114638445e+02
40 175  -4.3059964726631321e+01
40 176  4.2045855379188680e+01
40 185  -4.3059964726631378e+01
40 186  -1.3983245149911812e+02
40 187  -4.3059964726631442e+01
41 41  1.0000000000000000e+00
42 37  -8.0286596119929584e+01
42 38  1.0742504409171070e+02
42 39  -4.3059964726631456e+01
42 40  4.2045855379188680e+01
42 41  -1.2816578483245149e+02
42 42  3.4447971781305114e+02
42 43  -6.9916225749559089e+01
42 44  1.4890652557319225e+02
42 63  -8.0286596119929328e+01
42 64  -4.3059964726631335e+01
42 65  -1.2816578483245144e+02
42 66  -6.9916225749559075e+01
43 43  1.0000000000000000e+00
44 37  -4.3059964726631470e+01
44 38  4.2045855379188694e+01
44 39  -1.6057319223985917e+02
44 40  2.1485008818342141e+02
44 41  -6.9916225749559075e+01
44 42  1.4890652557319225e+02
44 43  -2.5633156966490293e+02
44 44  6.8895943562610216e+02
44 63  -4.3059964726631335e+01
44 64  -1.6057319223985866e+02
44 65  -6.9916225749559075e+01
44 66  -2.5633156966490287e+02
44 173  -4.3059964726631449e+01
44 174  4.2045855379188680e+01
44 175  -6.9916225749559061e+01
44 176  1.4890652557319220e+02
44 186  -4.3059964726631321e+01
44 187  -6.9916225749559061e+01
45 3  -2.5633156966490299e+02
45 4  -8.0286596119929470e+01
45 7  -1.3983245149911818e+02
45 8  -4.3059964726631399e+01
45 10  -8.0286596119929470e+01
45 12  -4.3059964726631392e+01
45 45  3.4447971781305114e+02
45 46  5.3712522045855373e+01
45 47  1.4890652557319225e+02
45 48  2.1022927689594351e+01
45 49  5.3712522045855373e+01
45 50  2.1022927689594344e+01
46 3  -8.0286596119929470e+01
46 4  -1.2816578483245146e+02
46 7  -4.3059964726631399e+01
46 8  -6.9916225749559089e+01
46 45  5.3712522045855373e+01
46 46  1.7223985890652557e+02
46 47  2.1022927689594351e+01
46 48  7.4453262786596142e+01
47 3  -1.3983245149911818e+02
47 4  -4.3059964726631399e+01
47 7  -5.1266313932980597e+02
47 8  -1.6057319223985894e+02
47 10  -4.3059964726631392e+01
47 12  -1.6057319223985891e+02
47 45  1.4890652557319225e+02
47 46  2.1022927689594351e+01
47 47  6.8895943562610228e+02
47 48  1.0742504409171077e+02
47 49  2.1022927689594347e+01
47 50  1.0742504409171077e+02
47 157  -1.3983245149911821e+02
47 158  -4.3059964726631399e+01
47 160  -4.3059964726631392e+01
47 177  1.4890652557319225e+02
47 178  2.1022927689594365e+01
47 179  2.1022927689594365e+01
48 3  -4.3059964726631399e+01
48 4  -6.9916225749559089e+01
48 7  -1.6057319223985894e+02
48 8  -2.5633156966490299e+02
48 45  2.1022927689594351e+01
48 46  7.4453262786596142e+01
48 47  1.0742504409171077e+02
48 48  3.4447971781305114e+02
48 157  -4.3059964726631392e+01
48 158  -6.9916225749559104e+01
48 177  2.1022927689594365e+01
48 178  7.4453262786596127e+01
49 3  -8.0286596119929499e+01
49 7  -4.3059964726631399e+01
49 10  -2.5633156966490299e+02
49 12  -1.3983245149911818e+02
49 14  -8.0286596119929470e+01
49 16  -4.3059964726631392e+01
49 45  5.3712522045855373e+01
49 47  2.1022927689594347e+01
49 49  3.4447971781305114e+02
49 50  1.4890652557319225e+02
49 51  5.3712522045855387e+01
49 52  2.1022927689594361e+01
50 3  -4.3059964726631399e+01
50 7  -1.6057319223985897e+02
50 10  -1.3983245149911818e+02
50 12  -5.1266313932980597e+02
50 14  -4.3059964726631392e+01
50 16  -1.6057319223985888e+02
50 45  2.1022927689594344e+01
50 47  1.0742504409171077e+02
50 49  1.4890652557319225e+02
50 50  6.8895943562610228e+02
50 51  2.1022927689594361e+01
50 52  1.0742504409171076e+02
50 157  -4.3059964726631407e+01
50 160  -1.3983245149911818e+02
50 162  -4.3059964726631385e+01
50 177  2.1022927689594368e+01
50 179  1.4890652557319225e+02
50 180  2.1022927689594354e+01
51 10  -8.0286596119929541e+01
51 12  -4.3059964726631435e+01
51 14  -2.5633156966490299e+02
51 16  -1.3983245149911818e+02
51 18  -8.0286596119929470e+01
51 20  -4.3059964726631399e+01
51 49  5.3712522045855387e+01
51 50  2.1022927689594361e+01
51 51  3.4447971781305120e+02
51 52  1.4890652557319231e+02
51 53  5.3712522045855373e+01
51 54  2.1022927689594351e+01
52 10  -4.3059964726631435e+01
52 12  -1.6057319223985905e+02
52 14  -1.3983245149911818e+02
52 16  -5.1266313932980597e+02
52 18  -4.3059964726631399e+01
52 20  -1.6057319223985894e+02
52 49  2.1022927689594361e+01
52 50  1.0742504409171076e+02
52 51  1.4890652557319231e+02
52 52  6.8895943562610239e+02
52 53  2.1022927689594351e+01
52 54  1.0742504409171077e+02
52 160  -4.3059964726631421e+01
52 162  -1.3983245149911818e+02
52 164  -4.3059964726631392e+01
52 179  2.1022927689594354e+01
52 180  1.4890652557319225e+02
52 181  2.1022927689594365e+01
53 14  -8.0286596119929470e+01
53 16  -4.3059964726631399e+01
53 18  -2.5633156966490299e+02
53 20  -1.3983245149911818e+02
53 22  -8.0286596119929499e+01
53 24  -4.3059964726631407e+01
53 51  5.3712522045855373e+01
53 52  2.1022927689594351e+01
53 53  3.4447971781305114e+02
53 54  1.4890652557319228e+02
53 55  5.3712522045855366e+01
53 56  2.1022927689594354e+01
54 14  -4.3059964726631399e+01
54 16  -1.6057319223985894e+02
54 18  -1.3983245149911818e+02
54 20  -5.1266313932980597e+02
54 22  -4.3059964726631399e+01
54 24  -1.6057319223985900e+02
54 51  2.1022927689594351e+01
54 52  1.0742504409171077e+02
54 53  1.4890652557319228e+02
54 54  6.8895943562610239e+02
54 55  2.1022927689594351e+01
54 56  1.0742504409171073e+02
54 162  -4.3059964726631399e+01
54 164  -1.3983245149911818e+02
54 166  -4.3059964726631399e+01
54 180  2.1022927689594365e+01
54 181  1.4890652557319225e+02
54 182  2.1022927689594347e+01
55 18  -8.0286596119929470e+01
55 20  -4.3059964726631392e+01
55 22  -2.5633156966490299e+02
55 24  -1.3983245149911818e+02
55 26  -8.0286596119929413e+01
55 28  -4.3059964726631364e+01
55 53  5.3712522045855366e+01
55 54  2.1022927689594351e+01
55 55  3.4447971781305102e+02
55 56  1.4890652557319223e+02
55 57  5.3712522045855408e+01
55 58  2.1022927689594365e+01
56 18  -4.3059964726631392e+01
56 20  -1.6057319223985888e+02
56 22  -1.3983245149911818e+02
56 24  -5.1266313932980597e+02
56 26  -4.3059964726631364e+01
56 28  -1.6057319223985877e+02
56 53  2.1022927689594354e+01
56 54  1.0742504409171073e+02
56 55  1.4890652557319223e+02
56 56  6.8895943562610228e+02
56 57  2.1022927689594365e+01
56 58  1.0742504409171079e+02
56 164  -4.3059964726631385e+01
56 166  -1.3983245149911815e+02
56 168  -4.3059964726631357e+01
56 181  2.1022927689594347e+01
56 182  1.4890652557319220e+02
56 183  2.1022927689594361e+01
57 22  -8.0286596119929570e+01
57 24  -4.3059964726631435e+01
57 26  -2.5633156966490299e+02
57 28  -1.3983245149911818e+02
57 30  -8.0286596119929470e+01
57 32  -4.3059964726631392e+01
57 55  5.3712522045855408e+01
57 56  2.1022927689594365e+01
57 57  3.4447971781305125e+02
57 58  1.4890652557319231e+02
57 59  5.3712522045855337e+01
57 60  2.1022927689594340e+01
58 22  -4.3059964726631442e+01
58 24  -1.6057319223985911e+02
58 26  -1.3983245149911818e+02
58 28  -5.1266313932980597e+02
58 30  -4.3059964726631392e+01
58 32  -1.6057319223985894e+02
58 55  2.1022927689594365e+01
58 56  1.0742504409171079e+02
58 57  1.4890652557319231e+02
58 58  6.8895943562610250e+02
58 59  2.1022927689594333e+01
58 60  1.0742504409171067e+02
58 166  -4.3059964726631428e+01
58 168  -1.3983245149911815e+02
58 170  -4.3059964726631392e+01
58 182  2.1022927689594365e+01
58 183  1.4890652557319225e+02
58 184  2.1022927689594333e+01
59 26  -8.0286596119929470e+01
59 28  -4.3059964726631392e+01
59 30  -2.5633156966490299e+02
59 32  -1.3983245149911818e+02
59 34  -8.0286596119929470e+01
59 36  -4.3059964726631399e+01
59 57  5.3712522045855337e+01
59 58  2.1022927689594333e+01
59 59  3.4447971781305114e+02
59 60  1.4890652557319225e+02
59 61  5.3712522045855394e+01
59 62  2.1022927689594365e+01
60 26  -4.3059964726631392e+01
60 28  -1.6057319223985894e+02
60 30  -1.3983245149911818e+02
60 32  -5.1266313932980597e+02
60 34  -4.3059964726631399e+01
60 36  -1.6057319223985891e+02
60 57  2.1022927689594340e+01
60 58  1.0742504409171067e+02
60 59  1.4890652557319225e+02
60 60  6.8895943562610228e+02
60 61  2.1022927689594361e+01
60 62  1.0742504409171079e+02
60 168  -4.3059964726631392e+01
60 170  -1.3983245149911815e+02
60 172  -4.3059964726631392e+01
60 183  2.1022927689594326e+01
60 184  1.4890652557319223e+02
60 185  2.1022927689594361e+01
61 30  -8.0286596119929470e+01
61 32  -4.3059964726631399e+01
61 34  -2.5633156966490299e+02
61 36  -1.3983245149911818e+02
61 38  -8.0286596119929442e+01
61 40  -4.3059964726631385e+01
61 59  5.3712522045855394e+01
61 60  2.1022927689594361e+01
61 61  3.4447971781305114e+02
61 62  1.4890652557319225e+02
61 63  5.3712522045855344e+01
61 64  2.1022927689594340e+01
62 30  -4.3059964726631399e+01
62 32  -1.6057319223985891e+02
62 34  -1.3983245149911818e+02
62 36  -5.1266313932980586e+02
62 38  -4.3059964726631378e+01
62 40  -1.6057319223985883e+02
62 59  2.1022927689594365e+01
62 60  1.0742504409171079e+02
62 61  1.4890652557319225e+02
62 62  6.8895943562610216e+02
62 63  2.1022927689594340e+01
62 64  1.0742504409171067e+02
62 170  -4.3059964726631392e+01
62 172  -1.3983245149911815e+02
62 174  -4.3059964726631378e+01
62 184  2.1022927689594358e+01
62 185  1.4890652557319220e+02
62 186  2.1022927689594336e+01
63 34  -8.0286596119929499e+01
63 36  -4.3059964726631407e+01
63 38  -2.5633156966490287e+02
63 40  -1.3983245149911815e+02
63 42  -8.0286596119929328e+01
63 44  -4.3059964726631335e+01
63 61  5.3712522045855344e+01
63 62  2.1022927689594340e+01
63 63  3.4447971781305102e+02
63 64  1.4890652557319220e+02
63 65  5.3712522045855337e+01
63 66  2.1022927689594344e+01
64 34  -4.3059964726631407e+01
64 36  -1.6057319223985900e+02
64 38  -1.3983245149911815e+02
64 40  -5.1266313932980574e+02
64 42  -4.3059964726631335e+01
64 44  -1.6057319223985866e+02
64 61  2.1022927689594340e+01
64 62  1.0742504409171067e+02
64 63  1.4890652557319220e+02
64 64  6.8895943562610205e+02
64 65  2.1022927689594333e+01
64 66  1.0742504409171067e+02
64 172  -4.3059964726631399e+01
64 174  -1.3983245149911812e+02
64 176  -4.3059964726631314e+01
64 185  2.1022927689594329e+01
64 186  1.4890652557319217e+02
64 187  2.1022927689594336e+01
65 38  -8.0286596119929584e+01
65 40  -4.3059964726631449e+01
65 42  -1.2816578483245144e+02
65 44  -6.9916225749559075e+01
65 63  5.3712522045855337e+01
65 64  2.1022927689594333e+01
65 65  1.7223985890652565e+02
65 66  7.4453262786596184e+01
66 38  -4.3059964726631449e+01
66 40  -1.6057319223985914e+02
66 42  -6.9916225749559075e+01
66 44  -2.5633156966490287e+02
66 63  2.1022927689594344e+01
66 64  1.0742504409171067e+02
66 65  7.4453262786596184e+01
66 66  3.4447971781305137e+02
66 174  -4.3059964726631449e+01
66 176  -6.9916225749559061e+01
66 186  2.1022927689594329e+01
66 187  7.4453262786596170e+01
155 155  1.0000000000000000e+00
156 156  1.0000000000000000e+00
157 5  -4.3059964726631421e+01
157 6  -1.3983245149911824e+02
157 7  2.9781305114638462e+02
157 8  4.2045855379188737e+01
157 11  -4.3059964726631399e+01
157 12  4.2045855379188751e+01
157 47  -1.3983245149911821e+02
157 48  -4.3059964726631392e+01
157 50  -4.3059964726631407e+01
157 155  -8.0286596119929499e+01
157 156  -2.5633156966490321e+02
157 157  6.8895943562610250e+02
157 158  1.0742504409171083e+02
157 159  -8.0286596119929499e+01
157 160  1.0742504409171084e+02
157 177  -2.5633156966490310e+02
157 178  -8.0286596119929456e+01
157 179  -8.0286596119929470e+01
158 5  -6.9916225749559118e+01
158 6  -4.3059964726631421e+01
158 7  4.2045855379188737e+01
158 8  1.4890652557319231e+02
158 47  -4.3059964726631399e+01
158 48  -6.9916225749559104e+01
158 155  -1.2816578483245158e+02
158 156  -8.0286596119929499e+01
158 157  1.0742504409171083e+02
158 158  3.4447971781305125e+02
158 177  -8.0286596119929456e+01
158 178  -1.2816578483245152e+02
159 159  1.0000000000000000e+00
160 6  -4.3059964726631421e+01
160 7  4.2045855379188737e+01
160 11  -1.3983245149911824e+02
160 12  2.9781305114638451e+02
160 15  -4.3059964726631392e+01
160 16  4.2045855379188723e+01
160 47  -4.3059964726631392e+01
160 50  -1.3983245149911818e+02
160 52  -4.3059964726631421e+01
160 156  -8.0286596119929499e+01
160 157  1.0742504409171084e+02
160 159  -2.5633156966490310e+02
160 160  6.8895943562610239e+02
160 161  -8.0286596119929413e+01
160 162  1.0742504409171077e+02
160 177  -8.0286596119929456e+01
160 179  -2.5633156966490299e+02
160 180  -8.0286596119929499e+01
161 161  1.0000000000000000e+00
162 11  -4.3059964726631421e+01
162 12  4.2045855379188723e+01
162 15  -1.3983245149911821e+02
162 16  2.9781305114638457e+02
162 19  -4.3059964726631421e+01
162 20  4.2045855379188737e+01
162 50  -4.3059964726631385e+01
162 52  -1.3983245149911818e+02
162 54  -4.3059964726631399e+01
162 159  -8.0286596119929499e+01
162 160  1.0742504409171077e+02
162 161  -2.5633156966490310e+02
162 162  6.8895943562610239e+02
162 163  -8.0286596119929499e+01
162 164  1.0742504409171083e+02
162 179  -8.0286596119929413e+01
162 180  -2.5633156966490299e+02
162 181  -8.0286596119929456e+01
163 163  1.0000000000000000e+00
164 15  -4.3059964726631421e+01
164 16  4.2045855379188737e+01
164 19  -1.3983245149911818e+02
164 20  2.9781305114638451e+02
164 23  -4.3059964726631399e+01
164 24  4.2045855379188694e+01
164 52  -4.3059964726631392e+01
164 54  -1.3983245149911818e+02
164 56  -4.3059964726631385e+01
164 161  -8.0286596119929499e+01
164 162  1.0742504409171083e+02
164 163  -2.5633156966490310e+02
164 164  6.8895943562610228e+02
164 165  -8.0286596119929456e+01
164 166  1.0742504409171075e+02
164 180  -8.0286596119929456e+01
164 181  -2.5633156966490299e+02
164 182  -8.0286596119929413e+01
165 165  1.0000000000000000e+00
166 19  -4.3059964726631385e+01
166 20  4.2045855379188694e+01
166 23  -1.3983245149911824e+02
166 24  2.9781305114638457e+02
166 27  -4.3059964726631378e+01
166 28  4.2045855379188751e+01
166 54  -4.3059964726631399e+01
166 56  -1.3983245149911815e+02
166 58  -4.3059964726631428e+01
166 163  -8.0286596119929442e+01
166 164  1.0742504409171075e+02
166 165  -2.5633156966490310e+02
166 166  6.8895943562610239e+02
166 167  -8.0286596119929428e+01
166 168  1.0742504409171084e+02
166 181  -8.0286596119929470e+01
166 182  -2.5633156966490299e+02
166 183  -8.0286596119929541e+01
167 167  1.0000000000000000e+00
168 23  -4.3059964726631470e+01
168 24  4.2045855379188751e+01
168 27  -1.3983245149911821e+02
168 28  2.9781305114638451e+02
168 31  -4.3059964726631385e+01
168 32  4.2045855379188680e+01
168 56  -4.3059964726631357e+01
168 58  -1.3983245149911815e+02
168 60  -4.3059964726631392e+01
168 165  -8.0286596119929570e+01
168 166  1.0742504409171084e+02
168 167  -2.5633156966490310e+02
168 168  6.8895943562610239e+02
168 169  -8.0286596119929442e+01
168 170  1.0742504409171067e+02
168 182  -8.0286596119929371e+01
168 183  -2.5633156966490293e+02
168 184  -8.0286596119929442e+01
169 169  1.0000000000000000e+00
170 27  -4.3059964726631385e+01
170 28  4.2045855379188680e+01
170 31  -1.3983245149911821e+02
170 32  2.9781305114638451e+02
170 35  -4.3059964726631421e+01
170 36  4.2045855379188751e+01
170 58  -4.3059964726631392e+01
170 60  -1.3983245149911815e+02
170 62  -4.3059964726631392e+01
170 167  -8.0286596119929442e+01
170 168  1.0742504409171067e+02
170 169  -2.5633156966490310e+02
170 170  6.8895943562610239e+02
170 171  -8.0286596119929499e+01
170 172  1.0742504409171084e+02
170 183  -8.0286596119929442e+01
170 184  -2.5633156966490293e+02
170 185  -8.0286596119929442e+01
171 171  1.0000000000000000e+00
172 31  -4.3059964726631421e+01
172 32  4.2045855379188751e+01
172 35  -1.3983245149911821e+02
172 36  2.9781305114638445e+02
172 39  -4.3059964726631364e+01
172 40  4.2045855379188680e+01
172 60  -4.3059964726631392e+01
172 62  -1.3983245149911815e+02
172 64  -4.3059964726631399e+01
172 169  -8.0286596119929499e+01
172 170  1.0742504409171084e+02
172 171  -2.5633156966490310e+02
172 172  6.8895943562610228e+02
172 173  -8.0286596119929413e+01
172 174  1.0742504409171067e+02
172 184  -8.0286596119929442e+01
172 185  -2.5633156966490287e+02
172 186  -8.0286596119929470e+01
173 173  1.0000000000000000e+00
174 35  -4.3059964726631399e+01
174 36  4.2045855379188680e+01
174 39  -1.3983245149911812e+02
174 40  2.9781305114638445e+02
174 43  -4.3059964726631321e+01
174 44  4.2045855379188680e+01
174 62  -4.3059964726631378e+01
174 64  -1.3983245149911812e+02
174 66  -4.3059964726631449e+01
174 171  -8.0286596119929484e+01
174 172  1.0742504409171067e+02
174 173  -2.5633156966490287e+02
174 174  6.8895943562610216e+02
174 175  -8.0286596119929328e+01
174 176  1.0742504409171069e+02
174 185  -8.0286596119929385e+01
174 186  -2.5633156966490287e+02
174 187  -8.0286596119929555e+01
175 175  1.0000000000000000e+00
176 39  -4.3059964726631449e+01
176 40  4.2045855379188680e+01
176 43  -6.9916225749559061e+01
176 44  1.4890652557319220e+02
176 64  -4.3059964726631314e+01
176 66  -6.9916225749559061e+01
176 173  -8.0286596119929555e+01
176 174  1.0742504409171069e+02
176 175  -1.2816578483245144e+02
176 176  3.4447971781305102e+02
176 186  -8.0286596119929314e+01
176 187  -1.2816578483245144e+02
177 7  -1.3983245149911821e+02
177 8  -4.3059964726631399e+01
177 12  -4.3059964726631399e+01
177 47  1.4890652557319225e+02
177 48  2.1022927689594365e+01
177 50  2.1022927689594368e+01
177 157  -2.5633156966490310e+02
177 158  -8.0286596119929456e+01
177 160  -8.0286596119929456e+01
177 177  3.4447971781305125e+02
177 178  5.3712522045855401e+01
177 179  5.3712522045855408e+01
178 7  -4.3059964726631399e+01
178 8  -6.9916225749559104e+01
178 47  2.1022927689594365e+01
178 48  7.4453262786596127e+01
178 157  -8.0286596119929456e+01
178 158  -1.2816578483245152e+02
178 177  5.3712522045855401e+01
178 178  1.7223985890652560e+02
179 7  -4.3059964726631407e+01
179 12  -1.3983245149911821e+02
179 16  -4.3059964726631378e+01
179 47  2.1022927689594365e+01
179 50  1.4890652557319225e+02
179 52  2.1022927689594354e+01
179 157  -8.0286596119929470e+01
179 160  -2.5633156966490299e+02
179 162  -8.0286596119929413e+01
179 177  5.3712522045855408e+01
179 179  3.4447971781305114e+02
179 180  5.3712522045855380e+01
180 12  -4.3059964726631421e+01
180 16  -1.3983245149911818e+02
180 20  -4.3059964726631399e+01
180 50  2.1022927689594354e+01
180 52  1.4890652557319225e+02
180 54  2.1022927689594365e+01
180 160  -8.0286596119929499e+01
180 162  -2.5633156966490299e+02
180 164  -8.0286596119929456e+01
180 179  5.3712522045855380e+01
180 180  3.4447971781305120e+02
180 181  5.3712522045855401e+01
181 16  -4.3059964726631399e+01
181 20  -1.3983245149911818e+02
181 24  -4.3059964726631399e+01
181 52  2.1022927689594365e+01
181 54  1.4890652557319225e+02
181 56  2.1022927689594347e+01
181 162  -8.0286596119929456e+01
181 164  -2.5633156966490299e+02
181 166  -8.0286596119929470e+01
181 180  5.3712522045855401e+01
181 181  3.4447971781305120e+02
181 182  5.3712522045855366e+01
182 20  -4.3059964726631385e+01
182 24  -1.3983245149911818e+02
182 28  -4.3059964726631357e+01
182 54  2.1022927689594347e+01
182 56  1.4890652557319220e+02
182 58  2.1022927689594365e+01
182 164  -8.0286596119929413e+01
182 166  -2.5633156966490299e+02
182 168  -8.0286596119929371e+01
182 181  5.3712522045855366e+01
182 182  3.4447971781305102e+02
182 183  5.3712522045855387e+01
183 24  -4.3059964726631435e+01
183 28  -1.3983245149911815e+02
183 32  -4.3059964726631392e+01
183 56  2.1022927689594361e+01
183 58  1.4890652557319225e+02
183 60  2.1022927689594326e+01
183 166  -8.0286596119929541e+01
183 168  -2.5633156966490293e+02
183 170  -8.0286596119929442e+01
183 182  5.3712522045855387e+01
183 183  3.4447971781305125e+02
183 184  5.3712522045855330e+01
184 28  -4.3059964726631385e+01
184 32  -1.3983245149911815e+02
184 36  -4.3059964726631392e+01
184 58  2.1022927689594333e+01
184 60  1.4890652557319223e+02
184 62  2.1022927689594358e+01
184 168  -8.0286596119929442e+01
184 170  -2.5633156966490293e+02
184 172  -8.0286596119929442e+01
184 183  5.3712522045855330e+01
184 184  3.4447971781305114e+02
184 185  5.3712522045855394e+01
185 32  -4.3059964726631392e+01
185 36  -1.3983245149911815e+02
185 40  -4.3059964726631378e+01
185 60  2.1022927689594361e+01
185 62  1.4890652557319220e+02
185 64  2.1022927689594329e+01
185 170  -8.0286596119929442e+01
185 172  -2.5633156966490287e+02
185 174  -8.0286596119929385e+01
185 184  5.3712522045855394e+01
185 185  3.4447971781305102e+02
185 186  5.3712522045855330e+01
186 36  -4.3059964726631399e+01
186 40  -1.3983245149911812e+02
186 44  -4.3059964726631321e+01
186 62  2.1022927689594336e+01
186 64  1.4890652557319217e+02
186 66  2.1022927689594329e+01
186 172  -8.0286596119929470e+01
186 174  -2.5633156966490287e+02
186 176  -8.0286596119929314e+01
186 185  5.3712522045855330e+01
186 186  3.4447971781305102e+02
186 187  5.3712522045855330e+01
187 40  -4.3059964726631442e+01
187 44  -6.9916225749559061e+01
187 64  2.1022927689594336e+01
187 66  7.4453262786596170e+01
187 174  -8.0286596119929555e+01
187 176  -1.2816578483245144e+02
187 186  5.3712522045855330e+01
187 187  1.7223985890652565e+02
231 231  0.0000000000000000e+00
];
 Mat_0x9ac630_0 = spconvert(zzz);
