%Mat Object:() 1 MPI processes
%  type: seqaij
% Size = 231 231 
% Nonzeros = 1519 
zzz = zeros(1520,3);
zzz = [
45 45  3.4447971781305114e+02
45 46  5.3712522045855366e+01
45 47  1.4890652557319225e+02
45 48  2.1022927689594347e+01
45 49  5.3712522045855380e+01
45 50  2.1022927689594344e+01
45 67  -2.5633156966490299e+02
45 68  -8.0286596119929470e+01
45 69  -1.3983245149911818e+02
45 70  -4.3059964726631399e+01
45 71  -8.0286596119929499e+01
45 72  -4.3059964726631399e+01
46 45  5.3712522045855366e+01
46 46  1.7223985890652557e+02
46 47  2.1022927689594351e+01
46 48  7.4453262786596127e+01
46 67  -8.0286596119929470e+01
46 68  -1.2816578483245146e+02
46 69  -4.3059964726631399e+01
46 70  -6.9916225749559089e+01
47 45  1.4890652557319225e+02
47 46  2.1022927689594351e+01
47 47  6.8895943562610228e+02
47 48  1.0742504409171077e+02
47 49  2.1022927689594347e+01
47 50  1.0742504409171077e+02
47 67  -1.3983245149911818e+02
47 68  -4.3059964726631399e+01
47 69  -5.1266313932980597e+02
47 70  -1.6057319223985894e+02
47 71  -4.3059964726631399e+01
47 72  -1.6057319223985897e+02
47 177  1.4890652557319231e+02
47 178  2.1022927689594358e+01
47 179  2.1022927689594358e+01
47 188  -1.3983245149911821e+02
47 189  -4.3059964726631399e+01
47 190  -4.3059964726631421e+01
48 45  2.1022927689594347e+01
48 46  7.4453262786596127e+01
48 47  1.0742504409171077e+02
48 48  3.4447971781305114e+02
48 67  -4.3059964726631399e+01
48 68  -6.9916225749559089e+01
48 69  -1.6057319223985894e+02
48 70  -2.5633156966490299e+02
48 177  2.1022927689594358e+01
48 178  7.4453262786596142e+01
48 188  -4.3059964726631407e+01
48 189  -6.9916225749559104e+01
49 45  5.3712522045855380e+01
49 47  2.1022927689594347e+01
49 49  3.4447971781305114e+02
49 50  1.4890652557319223e+02
49 51  5.3712522045855344e+01
49 52  2.1022927689594340e+01
49 67  -8.0286596119929470e+01
49 69  -4.3059964726631392e+01
49 71  -2.5633156966490287e+02
49 72  -1.3983245149911815e+02
49 73  -8.0286596119929499e+01
49 74  -4.3059964726631407e+01
50 45  2.1022927689594344e+01
50 47  1.0742504409171077e+02
50 49  1.4890652557319223e+02
50 50  6.8895943562610228e+02
50 51  2.1022927689594340e+01
50 52  1.0742504409171072e+02
50 67  -4.3059964726631392e+01
50 69  -1.6057319223985891e+02
50 71  -1.3983245149911815e+02
50 72  -5.1266313932980586e+02
50 73  -4.3059964726631407e+01
50 74  -1.6057319223985900e+02
50 177  2.1022927689594361e+01
50 179  1.4890652557319225e+02
50 180  2.1022927689594354e+01
50 188  -4.3059964726631399e+01
50 190  -1.3983245149911818e+02
50 191  -4.3059964726631421e+01
51 49  5.3712522045855344e+01
51 50  2.1022927689594340e+01
51 51  3.4447971781305108e+02
51 52  1.4890652557319223e+02
51 53  5.3712522045855366e+01
51 54  2.1022927689594351e+01
51 71  -8.0286596119929428e+01
51 72  -4.3059964726631371e+01
51 73  -2.5633156966490287e+02
51 74  -1.3983245149911815e+02
51 75  -8.0286596119929470e+01
51 76  -4.3059964726631399e+01
52 49  2.1022927689594340e+01
52 50  1.0742504409171072e+02
52 51  1.4890652557319223e+02
52 52  6.8895943562610216e+02
52 53  2.1022927689594347e+01
52 54  1.0742504409171077e+02
52 71  -4.3059964726631378e+01
52 72  -1.6057319223985886e+02
52 73  -1.3983245149911815e+02
52 74  -5.1266313932980597e+02
52 75  -4.3059964726631399e+01
52 76  -1.6057319223985894e+02
52 179  2.1022927689594351e+01
52 180  1.4890652557319225e+02
52 181  2.1022927689594358e+01
52 190  -4.3059964726631378e+01
52 191  -1.3983245149911818e+02
52 192  -4.3059964726631407e+01
53 51  5.3712522045855366e+01
53 52  2.1022927689594347e+01
53 53  3.4447971781305114e+02
53 54  1.4890652557319223e+02
53 55  5.3712522045855351e+01
53 56  2.1022927689594340e+01
53 73  -8.0286596119929470e+01
53 74  -4.3059964726631399e+01
53 75  -2.5633156966490293e+02
53 76  -1.3983245149911815e+02
53 77  -8.0286596119929456e+01
53 78  -4.3059964726631385e+01
54 51  2.1022927689594351e+01
54 52  1.0742504409171077e+02
54 53  1.4890652557319223e+02
54 54  6.8895943562610228e+02
54 55  2.1022927689594340e+01
54 56  1.0742504409171070e+02
54 73  -4.3059964726631399e+01
54 74  -1.6057319223985894e+02
54 75  -1.3983245149911815e+02
54 76  -5.1266313932980597e+02
54 77  -4.3059964726631385e+01
54 78  -1.6057319223985888e+02
54 180  2.1022927689594358e+01
54 181  1.4890652557319225e+02
54 182  2.1022927689594344e+01
54 191  -4.3059964726631399e+01
54 192  -1.3983245149911818e+02
54 193  -4.3059964726631385e+01
55 53  5.3712522045855351e+01
55 54  2.1022927689594340e+01
55 55  3.4447971781305125e+02
55 56  1.4890652557319231e+02
55 57  5.3712522045855387e+01
55 58  2.1022927689594361e+01
55 75  -8.0286596119929499e+01
55 76  -4.3059964726631399e+01
55 77  -2.5633156966490299e+02
55 78  -1.3983245149911818e+02
55 79  -8.0286596119929555e+01
55 80  -4.3059964726631442e+01
56 53  2.1022927689594340e+01
56 54  1.0742504409171070e+02
56 55  1.4890652557319231e+02
56 56  6.8895943562610250e+02
56 57  2.1022927689594361e+01
56 58  1.0742504409171079e+02
56 75  -4.3059964726631399e+01
56 76  -1.6057319223985897e+02
56 77  -1.3983245149911818e+02
56 78  -5.1266313932980597e+02
56 79  -4.3059964726631442e+01
56 80  -1.6057319223985911e+02
56 181  2.1022927689594340e+01
56 182  1.4890652557319231e+02
56 183  2.1022927689594354e+01
56 192  -4.3059964726631399e+01
56 193  -1.3983245149911815e+02
56 194  -4.3059964726631435e+01
57 55  5.3712522045855387e+01
57 56  2.1022927689594361e+01
57 57  3.4447971781305108e+02
57 58  1.4890652557319220e+02
57 59  5.3712522045855323e+01
57 60  2.1022927689594333e+01
57 77  -8.0286596119929413e+01
57 78  -4.3059964726631371e+01
57 79  -2.5633156966490299e+02
57 80  -1.3983245149911818e+02
57 81  -8.0286596119929470e+01
57 82  -4.3059964726631385e+01
58 55  2.1022927689594361e+01
58 56  1.0742504409171079e+02
58 57  1.4890652557319220e+02
58 58  6.8895943562610205e+02
58 59  2.1022927689594329e+01
58 60  1.0742504409171065e+02
58 77  -4.3059964726631364e+01
58 78  -1.6057319223985877e+02
58 79  -1.3983245149911818e+02
58 80  -5.1266313932980586e+02
58 81  -4.3059964726631385e+01
58 82  -1.6057319223985888e+02
58 182  2.1022927689594354e+01
58 183  1.4890652557319214e+02
58 184  2.1022927689594326e+01
58 193  -4.3059964726631357e+01
58 194  -1.3983245149911812e+02
58 195  -4.3059964726631378e+01
59 57  5.3712522045855323e+01
59 58  2.1022927689594329e+01
59 59  3.4447971781305114e+02
59 60  1.4890652557319225e+02
59 61  5.3712522045855394e+01
59 62  2.1022927689594358e+01
59 79  -8.0286596119929470e+01
59 80  -4.3059964726631385e+01
59 81  -2.5633156966490293e+02
59 82  -1.3983245149911818e+02
59 83  -8.0286596119929484e+01
59 84  -4.3059964726631399e+01
60 57  2.1022927689594333e+01
60 58  1.0742504409171065e+02
60 59  1.4890652557319225e+02
60 60  6.8895943562610228e+02
60 61  2.1022927689594361e+01
60 62  1.0742504409171077e+02
60 79  -4.3059964726631385e+01
60 80  -1.6057319223985888e+02
60 81  -1.3983245149911818e+02
60 82  -5.1266313932980586e+02
60 83  -4.3059964726631399e+01
60 84  -1.6057319223985894e+02
60 183  2.1022927689594326e+01
60 184  1.4890652557319223e+02
60 185  2.1022927689594354e+01
60 194  -4.3059964726631385e+01
60 195  -1.3983245149911812e+02
60 196  -4.3059964726631392e+01
61 59  5.3712522045855394e+01
61 60  2.1022927689594361e+01
61 61  3.4447971781305114e+02
61 62  1.4890652557319225e+02
61 63  5.3712522045855323e+01
61 64  2.1022927689594333e+01
61 81  -8.0286596119929484e+01
61 82  -4.3059964726631407e+01
61 83  -2.5633156966490293e+02
61 84  -1.3983245149911815e+02
61 85  -8.0286596119929499e+01
61 86  -4.3059964726631399e+01
62 59  2.1022927689594358e+01
62 60  1.0742504409171077e+02
62 61  1.4890652557319225e+02
62 62  6.8895943562610228e+02
62 63  2.1022927689594326e+01
62 64  1.0742504409171065e+02
62 81  -4.3059964726631399e+01
62 82  -1.6057319223985894e+02
62 83  -1.3983245149911815e+02
62 84  -5.1266313932980574e+02
62 85  -4.3059964726631399e+01
62 86  -1.6057319223985894e+02
62 184  2.1022927689594358e+01
62 185  1.4890652557319223e+02
62 186  2.1022927689594326e+01
62 195  -4.3059964726631392e+01
62 196  -1.3983245149911812e+02
62 197  -4.3059964726631392e+01
63 61  5.3712522045855323e+01
63 62  2.1022927689594326e+01
63 63  3.4447971781305114e+02
63 64  1.4890652557319225e+02
63 65  5.3712522045855337e+01
63 66  2.1022927689594336e+01
63 83  -8.0286596119929413e+01
63 84  -4.3059964726631364e+01
63 85  -2.5633156966490282e+02
63 86  -1.3983245149911812e+02
63 87  -8.0286596119929570e+01
63 88  -4.3059964726631435e+01
64 61  2.1022927689594333e+01
64 62  1.0742504409171065e+02
64 63  1.4890652557319225e+02
64 64  6.8895943562610216e+02
64 65  2.1022927689594333e+01
64 66  1.0742504409171066e+02
64 83  -4.3059964726631364e+01
64 84  -1.6057319223985883e+02
64 85  -1.3983245149911812e+02
64 86  -5.1266313932980563e+02
64 87  -4.3059964726631435e+01
64 88  -1.6057319223985911e+02
64 185  2.1022927689594322e+01
64 186  1.4890652557319223e+02
64 187  2.1022927689594333e+01
64 196  -4.3059964726631357e+01
64 197  -1.3983245149911806e+02
64 198  -4.3059964726631435e+01
65 63  5.3712522045855337e+01
65 64  2.1022927689594333e+01
65 65  1.7223985890652543e+02
65 66  7.4453262786596042e+01
65 85  -8.0286596119929328e+01
65 86  -4.3059964726631321e+01
65 87  -1.2816578483245141e+02
65 88  -6.9916225749559061e+01
66 63  2.1022927689594336e+01
66 64  1.0742504409171066e+02
66 65  7.4453262786596042e+01
66 66  3.4447971781305080e+02
66 85  -4.3059964726631321e+01
66 86  -1.6057319223985863e+02
66 87  -6.9916225749559061e+01
66 88  -2.5633156966490282e+02
66 186  2.1022927689594326e+01
66 187  7.4453262786596028e+01
66 197  -4.3059964726631307e+01
66 198  -6.9916225749559032e+01
67 45  -2.5633156966490299e+02
67 46  -8.0286596119929470e+01
67 47  -1.3983245149911818e+02
67 48  -4.3059964726631399e+01
67 49  -8.0286596119929470e+01
67 50  -4.3059964726631392e+01
67 67  6.8895943562610228e+02
67 68  1.0742504409171076e+02
67 69  2.9781305114638457e+02
67 70  4.2045855379188708e+01
67 71  1.0742504409171076e+02
67 72  4.2045855379188708e+01
67 89  -2.5633156966490299e+02
67 90  -8.0286596119929499e+01
67 91  -1.3983245149911818e+02
67 92  -4.3059964726631399e+01
67 93  -8.0286596119929499e+01
67 94  -4.3059964726631407e+01
68 45  -8.0286596119929470e+01
68 46  -1.2816578483245146e+02
68 47  -4.3059964726631399e+01
68 48  -6.9916225749559089e+01
68 67  1.0742504409171076e+02
68 68  3.4447971781305114e+02
68 69  4.2045855379188716e+01
68 70  1.4890652557319228e+02
68 89  -8.0286596119929499e+01
68 90  -1.2816578483245152e+02
68 91  -4.3059964726631399e+01
68 92  -6.9916225749559089e+01
69 45  -1.3983245149911818e+02
69 46  -4.3059964726631399e+01
69 47  -5.1266313932980597e+02
69 48  -1.6057319223985894e+02
69 49  -4.3059964726631392e+01
69 50  -1.6057319223985891e+02
69 67  2.9781305114638457e+02
69 68  4.2045855379188716e+01
69 69  1.3779188712522046e+03
69 70  2.1485008818342160e+02
69 71  4.2045855379188723e+01
69 72  2.1485008818342163e+02
69 89  -1.3983245149911821e+02
69 90  -4.3059964726631392e+01
69 91  -5.1266313932980620e+02
69 92  -1.6057319223985900e+02
69 93  -4.3059964726631407e+01
69 94  -1.6057319223985900e+02
69 177  -1.3983245149911821e+02
69 178  -4.3059964726631399e+01
69 179  -4.3059964726631399e+01
69 188  2.9781305114638457e+02
69 189  4.2045855379188730e+01
69 190  4.2045855379188737e+01
69 199  -1.3983245149911824e+02
69 200  -4.3059964726631421e+01
69 201  -4.3059964726631421e+01
70 45  -4.3059964726631399e+01
70 46  -6.9916225749559089e+01
70 47  -1.6057319223985894e+02
70 48  -2.5633156966490299e+02
70 67  4.2045855379188708e+01
70 68  1.4890652557319228e+02
70 69  2.1485008818342160e+02
70 70  6.8895943562610239e+02
70 89  -4.3059964726631407e+01
70 90  -6.9916225749559104e+01
70 91  -1.6057319223985900e+02
70 92  -2.5633156966490310e+02
70 177  -4.3059964726631407e+01
70 178  -6.9916225749559104e+01
70 188  4.2045855379188737e+01
70 189  1.4890652557319231e+02
70 199  -4.3059964726631421e+01
70 200  -6.9916225749559118e+01
71 45  -8.0286596119929499e+01
71 47  -4.3059964726631399e+01
71 49  -2.5633156966490287e+02
71 50  -1.3983245149911815e+02
71 51  -8.0286596119929428e+01
71 52  -4.3059964726631378e+01
71 67  1.0742504409171076e+02
71 69  4.2045855379188723e+01
71 71  6.8895943562610228e+02
71 72  2.9781305114638451e+02
71 73  1.0742504409171075e+02
71 74  4.2045855379188708e+01
71 89  -8.0286596119929470e+01
71 91  -4.3059964726631392e+01
71 93  -2.5633156966490304e+02
71 94  -1.3983245149911821e+02
71 95  -8.0286596119929527e+01
71 96  -4.3059964726631435e+01
72 45  -4.3059964726631399e+01
72 47  -1.6057319223985897e+02
72 49  -1.3983245149911815e+02
72 50  -5.1266313932980586e+02
72 51  -4.3059964726631371e+01
72 52  -1.6057319223985886e+02
72 67  4.2045855379188708e+01
72 69  2.1485008818342163e+02
72 71  2.9781305114638451e+02
72 72  1.3779188712522046e+03
72 73  4.2045855379188708e+01
72 74  2.1485008818342152e+02
72 89  -4.3059964726631392e+01
72 91  -1.6057319223985897e+02
72 93  -1.3983245149911824e+02
72 94  -5.1266313932980620e+02
72 95  -4.3059964726631435e+01
72 96  -1.6057319223985905e+02
72 177  -4.3059964726631421e+01
72 179  -1.3983245149911818e+02
72 180  -4.3059964726631385e+01
72 188  4.2045855379188737e+01
72 190  2.9781305114638457e+02
72 191  4.2045855379188716e+01
72 199  -4.3059964726631399e+01
72 201  -1.3983245149911821e+02
72 202  -4.3059964726631421e+01
73 49  -8.0286596119929499e+01
73 50  -4.3059964726631407e+01
73 51  -2.5633156966490287e+02
73 52  -1.3983245149911815e+02
73 53  -8.0286596119929470e+01
73 54  -4.3059964726631399e+01
73 71  1.0742504409171075e+02
73 72  4.2045855379188708e+01
73 73  6.8895943562610228e+02
73 74  2.9781305114638451e+02
73 75  1.0742504409171076e+02
73 76  4.2045855379188716e+01
73 93  -8.0286596119929470e+01
73 94  -4.3059964726631392e+01
73 95  -2.5633156966490304e+02
73 96  -1.3983245149911818e+02
73 97  -8.0286596119929499e+01
73 98  -4.3059964726631399e+01
74 49  -4.3059964726631407e+01
74 50  -1.6057319223985900e+02
74 51  -1.3983245149911815e+02
74 52  -5.1266313932980597e+02
74 53  -4.3059964726631399e+01
74 54  -1.6057319223985894e+02
74 71  4.2045855379188708e+01
74 72  2.1485008818342152e+02
74 73  2.9781305114638451e+02
74 74  1.3779188712522046e+03
74 75  4.2045855379188708e+01
74 76  2.1485008818342160e+02
74 93  -4.3059964726631399e+01
74 94  -1.6057319223985888e+02
74 95  -1.3983245149911824e+02
74 96  -5.1266313932980609e+02
74 97  -4.3059964726631407e+01
74 98  -1.6057319223985900e+02
74 179  -4.3059964726631421e+01
74 180  -1.3983245149911818e+02
74 181  -4.3059964726631407e+01
74 190  4.2045855379188723e+01
74 191  2.9781305114638457e+02
74 192  4.2045855379188737e+01
74 201  -4.3059964726631392e+01
74 202  -1.3983245149911821e+02
74 203  -4.3059964726631421e+01
75 51  -8.0286596119929470e+01
75 52  -4.3059964726631399e+01
75 53  -2.5633156966490293e+02
75 54  -1.3983245149911815e+02
75 55  -8.0286596119929499e+01
75 56  -4.3059964726631399e+01
75 73  1.0742504409171076e+02
75 74  4.2045855379188708e+01
75 75  6.8895943562610228e+02
75 76  2.9781305114638451e+02
75 77  1.0742504409171073e+02
75 78  4.2045855379188708e+01
75 95  -8.0286596119929499e+01
75 96  -4.3059964726631399e+01
75 97  -2.5633156966490299e+02
75 98  -1.3983245149911818e+02
75 99  -8.0286596119929470e+01
75 100  -4.3059964726631392e+01
76 51  -4.3059964726631399e+01
76 52  -1.6057319223985894e+02
76 53  -1.3983245149911815e+02
76 54  -5.1266313932980597e+02
76 55  -4.3059964726631399e+01
76 56  -1.6057319223985897e+02
76 73  4.2045855379188716e+01
76 74  2.1485008818342160e+02
76 75  2.9781305114638451e+02
76 76  1.3779188712522046e+03
76 77  4.2045855379188694e+01
76 78  2.1485008818342146e+02
76 95  -4.3059964726631392e+01
76 96  -1.6057319223985900e+02
76 97  -1.3983245149911818e+02
76 98  -5.1266313932980609e+02
76 99  -4.3059964726631392e+01
76 100  -1.6057319223985894e+02
76 180  -4.3059964726631399e+01
76 181  -1.3983245149911818e+02
76 182  -4.3059964726631399e+01
76 191  4.2045855379188730e+01
76 192  2.9781305114638451e+02
76 193  4.2045855379188701e+01
76 202  -4.3059964726631421e+01
76 203  -1.3983245149911818e+02
76 204  -4.3059964726631385e+01
77 53  -8.0286596119929456e+01
77 54  -4.3059964726631385e+01
77 55  -2.5633156966490299e+02
77 56  -1.3983245149911818e+02
77 57  -8.0286596119929413e+01
77 58  -4.3059964726631364e+01
77 75  1.0742504409171073e+02
77 76  4.2045855379188694e+01
77 77  6.8895943562610239e+02
77 78  2.9781305114638457e+02
77 79  1.0742504409171082e+02
77 80  4.2045855379188737e+01
77 97  -8.0286596119929513e+01
77 98  -4.3059964726631407e+01
77 99  -2.5633156966490304e+02
77 100  -1.3983245149911821e+02
77 101  -8.0286596119929584e+01
77 102  -4.3059964726631442e+01
78 53  -4.3059964726631385e+01
78 54  -1.6057319223985888e+02
78 55  -1.3983245149911818e+02
78 56  -5.1266313932980597e+02
78 57  -4.3059964726631371e+01
78 58  -1.6057319223985877e+02
78 75  4.2045855379188708e+01
78 76  2.1485008818342146e+02
78 77  2.9781305114638457e+02
78 78  1.3779188712522048e+03
78 79  4.2045855379188744e+01
78 80  2.1485008818342163e+02
78 97  -4.3059964726631421e+01
78 98  -1.6057319223985900e+02
78 99  -1.3983245149911821e+02
78 100  -5.1266313932980620e+02
78 101  -4.3059964726631449e+01
78 102  -1.6057319223985917e+02
78 181  -4.3059964726631385e+01
78 182  -1.3983245149911815e+02
78 183  -4.3059964726631357e+01
78 192  4.2045855379188694e+01
78 193  2.9781305114638451e+02
78 194  4.2045855379188744e+01
78 203  -4.3059964726631399e+01
78 204  -1.3983245149911821e+02
78 205  -4.3059964726631470e+01
79 55  -8.0286596119929555e+01
79 56  -4.3059964726631442e+01
79 57  -2.5633156966490299e+02
79 58  -1.3983245149911818e+02
79 59  -8.0286596119929470e+01
79 60  -4.3059964726631385e+01
79 77  1.0742504409171082e+02
79 78  4.2045855379188744e+01
79 79  6.8895943562610239e+02
79 80  2.9781305114638457e+02
79 81  1.0742504409171070e+02
79 82  4.2045855379188680e+01
79 99  -8.0286596119929442e+01
79 100  -4.3059964726631364e+01
79 101  -2.5633156966490304e+02
79 102  -1.3983245149911818e+02
79 103  -8.0286596119929470e+01
79 104  -4.3059964726631392e+01
80 55  -4.3059964726631442e+01
80 56  -1.6057319223985911e+02
80 57  -1.3983245149911818e+02
80 58  -5.1266313932980586e+02
80 59  -4.3059964726631385e+01
80 60  -1.6057319223985888e+02
80 77  4.2045855379188737e+01
80 78  2.1485008818342163e+02
80 79  2.9781305114638457e+02
80 80  1.3779188712522046e+03
80 81  4.2045855379188673e+01
80 82  2.1485008818342135e+02
80 99  -4.3059964726631371e+01
80 100  -1.6057319223985888e+02
80 101  -1.3983245149911824e+02
80 102  -5.1266313932980609e+02
80 103  -4.3059964726631399e+01
80 104  -1.6057319223985894e+02
80 182  -4.3059964726631435e+01
80 183  -1.3983245149911812e+02
80 184  -4.3059964726631378e+01
80 193  4.2045855379188751e+01
80 194  2.9781305114638451e+02
80 195  4.2045855379188673e+01
80 204  -4.3059964726631378e+01
80 205  -1.3983245149911821e+02
80 206  -4.3059964726631385e+01
81 57  -8.0286596119929470e+01
81 58  -4.3059964726631385e+01
81 59  -2.5633156966490293e+02
81 60  -1.3983245149911818e+02
81 61  -8.0286596119929484e+01
81 62  -4.3059964726631399e+01
81 79  1.0742504409171070e+02
81 80  4.2045855379188673e+01
81 81  6.8895943562610228e+02
81 82  2.9781305114638451e+02
81 83  1.0742504409171080e+02
81 84  4.2045855379188737e+01
81 101  -8.0286596119929470e+01
81 102  -4.3059964726631399e+01
81 103  -2.5633156966490299e+02
81 104  -1.3983245149911818e+02
81 105  -8.0286596119929499e+01
81 106  -4.3059964726631399e+01
82 57  -4.3059964726631385e+01
82 58  -1.6057319223985888e+02
82 59  -1.3983245149911818e+02
82 60  -5.1266313932980586e+02
82 61  -4.3059964726631407e+01
82 62  -1.6057319223985894e+02
82 79  4.2045855379188680e+01
82 80  2.1485008818342135e+02
82 81  2.9781305114638451e+02
82 82  1.3779188712522046e+03
82 83  4.2045855379188737e+01
82 84  2.1485008818342163e+02
82 101  -4.3059964726631399e+01
82 102  -1.6057319223985894e+02
82 103  -1.3983245149911821e+02
82 104  -5.1266313932980620e+02
82 105  -4.3059964726631399e+01
82 106  -1.6057319223985900e+02
82 183  -4.3059964726631385e+01
82 184  -1.3983245149911812e+02
82 185  -4.3059964726631399e+01
82 194  4.2045855379188673e+01
82 195  2.9781305114638451e+02
82 196  4.2045855379188744e+01
82 205  -4.3059964726631385e+01
82 206  -1.3983245149911821e+02
82 207  -4.3059964726631421e+01
83 59  -8.0286596119929484e+01
83 60  -4.3059964726631399e+01
83 61  -2.5633156966490293e+02
83 62  -1.3983245149911815e+02
83 63  -8.0286596119929413e+01
83 64  -4.3059964726631364e+01
83 81  1.0742504409171080e+02
83 82  4.2045855379188737e+01
83 83  6.8895943562610228e+02
83 84  2.9781305114638451e+02
83 85  1.0742504409171067e+02
83 86  4.2045855379188680e+01
83 103  -8.0286596119929499e+01
83 104  -4.3059964726631399e+01
83 105  -2.5633156966490299e+02
83 106  -1.3983245149911818e+02
83 107  -8.0286596119929527e+01
83 108  -4.3059964726631414e+01
84 59  -4.3059964726631399e+01
84 60  -1.6057319223985894e+02
84 61  -1.3983245149911815e+02
84 62  -5.1266313932980574e+02
84 63  -4.3059964726631364e+01
84 64  -1.6057319223985883e+02
84 81  4.2045855379188737e+01
84 82  2.1485008818342163e+02
84 83  2.9781305114638451e+02
84 84  1.3779188712522046e+03
84 85  4.2045855379188673e+01
84 86  2.1485008818342135e+02
84 103  -4.3059964726631407e+01
84 104  -1.6057319223985900e+02
84 105  -1.3983245149911821e+02
84 106  -5.1266313932980609e+02
84 107  -4.3059964726631435e+01
84 108  -1.6057319223985900e+02
84 184  -4.3059964726631392e+01
84 185  -1.3983245149911812e+02
84 186  -4.3059964726631357e+01
84 195  4.2045855379188744e+01
84 196  2.9781305114638451e+02
84 197  4.2045855379188673e+01
84 206  -4.3059964726631421e+01
84 207  -1.3983245149911821e+02
84 208  -4.3059964726631399e+01
85 61  -8.0286596119929499e+01
85 62  -4.3059964726631399e+01
85 63  -2.5633156966490282e+02
85 64  -1.3983245149911812e+02
85 65  -8.0286596119929328e+01
85 66  -4.3059964726631321e+01
85 83  1.0742504409171067e+02
85 84  4.2045855379188673e+01
85 85  6.8895943562610228e+02
85 86  2.9781305114638451e+02
85 87  1.0742504409171067e+02
85 88  4.2045855379188680e+01
85 105  -8.0286596119929442e+01
85 106  -4.3059964726631385e+01
85 107  -2.5633156966490299e+02
85 108  -1.3983245149911815e+02
85 109  -8.0286596119929584e+01
85 110  -4.3059964726631463e+01
86 61  -4.3059964726631399e+01
86 62  -1.6057319223985894e+02
86 63  -1.3983245149911812e+02
86 64  -5.1266313932980563e+02
86 65  -4.3059964726631321e+01
86 66  -1.6057319223985863e+02
86 83  4.2045855379188680e+01
86 84  2.1485008818342135e+02
86 85  2.9781305114638451e+02
86 86  1.3779188712522043e+03
86 87  4.2045855379188666e+01
86 88  2.1485008818342135e+02
86 105  -4.3059964726631378e+01
86 106  -1.6057319223985886e+02
86 107  -1.3983245149911818e+02
86 108  -5.1266313932980586e+02
86 109  -4.3059964726631463e+01
86 110  -1.6057319223985917e+02
86 185  -4.3059964726631392e+01
86 186  -1.3983245149911806e+02
86 187  -4.3059964726631314e+01
86 196  4.2045855379188673e+01
86 197  2.9781305114638440e+02
86 198  4.2045855379188680e+01
86 207  -4.3059964726631364e+01
86 208  -1.3983245149911812e+02
86 209  -4.3059964726631435e+01
87 63  -8.0286596119929570e+01
87 64  -4.3059964726631435e+01
87 65  -1.2816578483245141e+02
87 66  -6.9916225749559061e+01
87 85  1.0742504409171067e+02
87 86  4.2045855379188666e+01
87 87  3.4447971781305114e+02
87 88  1.4890652557319225e+02
87 107  -8.0286596119929328e+01
87 108  -4.3059964726631335e+01
87 109  -1.2816578483245149e+02
87 110  -6.9916225749559075e+01
88 63  -4.3059964726631435e+01
88 64  -1.6057319223985911e+02
88 65  -6.9916225749559061e+01
88 66  -2.5633156966490282e+02
88 85  4.2045855379188680e+01
88 86  2.1485008818342135e+02
88 87  1.4890652557319225e+02
88 88  6.8895943562610216e+02
88 107  -4.3059964726631343e+01
88 108  -1.6057319223985866e+02
88 109  -6.9916225749559089e+01
88 110  -2.5633156966490299e+02
88 186  -4.3059964726631428e+01
88 187  -6.9916225749559032e+01
88 197  4.2045855379188666e+01
88 198  1.4890652557319220e+02
88 208  -4.3059964726631321e+01
88 209  -6.9916225749559061e+01
89 67  -2.5633156966490299e+02
89 68  -8.0286596119929499e+01
89 69  -1.3983245149911821e+02
89 70  -4.3059964726631407e+01
89 71  -8.0286596119929470e+01
89 72  -4.3059964726631392e+01
89 89  3.4447971781305114e+02
89 90  5.3712522045855394e+01
89 91  1.4890652557319228e+02
89 92  2.1022927689594368e+01
89 93  5.3712522045855401e+01
89 94  2.1022927689594365e+01
90 67  -8.0286596119929499e+01
90 68  -1.2816578483245152e+02
90 69  -4.3059964726631392e+01
90 70  -6.9916225749559104e+01
90 89  5.3712522045855394e+01
90 90  1.7223985890652557e+02
90 91  2.1022927689594365e+01
90 92  7.4453262786596127e+01
91 67  -1.3983245149911818e+02
91 68  -4.3059964726631399e+01
91 69  -5.1266313932980620e+02
91 70  -1.6057319223985900e+02
91 71  -4.3059964726631392e+01
91 72  -1.6057319223985897e+02
91 89  1.4890652557319228e+02
91 90  2.1022927689594365e+01
91 91  6.8895943562610250e+02
91 92  1.0742504409171083e+02
91 93  2.1022927689594368e+01
91 94  1.0742504409171084e+02
91 188  -1.3983245149911829e+02
91 189  -4.3059964726631421e+01
91 190  -4.3059964726631421e+01
91 199  1.4890652557319231e+02
91 200  2.1022927689594376e+01
91 201  2.1022927689594372e+01
92 67  -4.3059964726631399e+01
92 68  -6.9916225749559089e+01
92 69  -1.6057319223985900e+02
92 70  -2.5633156966490310e+02
92 89  2.1022927689594368e+01
92 90  7.4453262786596127e+01
92 91  1.0742504409171083e+02
92 92  3.4447971781305125e+02
92 188  -4.3059964726631428e+01
92 189  -6.9916225749559146e+01
92 199  2.1022927689594376e+01
92 200  7.4453262786596156e+01
93 67  -8.0286596119929499e+01
93 69  -4.3059964726631407e+01
93 71  -2.5633156966490304e+02
93 72  -1.3983245149911824e+02
93 73  -8.0286596119929470e+01
93 74  -4.3059964726631399e+01
93 89  5.3712522045855401e+01
93 91  2.1022927689594368e+01
93 93  3.4447971781305114e+02
93 94  1.4890652557319228e+02
93 95  5.3712522045855415e+01
93 96  2.1022927689594368e+01
94 67  -4.3059964726631407e+01
94 69  -1.6057319223985900e+02
94 71  -1.3983245149911821e+02
94 72  -5.1266313932980620e+02
94 73  -4.3059964726631392e+01
94 74  -1.6057319223985888e+02
94 89  2.1022927689594365e+01
94 91  1.0742504409171084e+02
94 93  1.4890652557319228e+02
94 94  6.8895943562610239e+02
94 95  2.1022927689594368e+01
94 96  1.0742504409171080e+02
94 188  -4.3059964726631435e+01
94 190  -1.3983245149911824e+02
94 191  -4.3059964726631392e+01
94 199  2.1022927689594376e+01
94 201  1.4890652557319225e+02
94 202  2.1022927689594365e+01
95 71  -8.0286596119929527e+01
95 72  -4.3059964726631435e+01
95 73  -2.5633156966490304e+02
95 74  -1.3983245149911824e+02
95 75  -8.0286596119929499e+01
95 76  -4.3059964726631392e+01
95 93  5.3712522045855415e+01
95 94  2.1022927689594368e+01
95 95  3.4447971781305120e+02
95 96  1.4890652557319231e+02
95 97  5.3712522045855394e+01
95 98  2.1022927689594365e+01
96 71  -4.3059964726631435e+01
96 72  -1.6057319223985905e+02
96 73  -1.3983245149911818e+02
96 74  -5.1266313932980609e+02
96 75  -4.3059964726631399e+01
96 76  -1.6057319223985900e+02
96 93  2.1022927689594368e+01
96 94  1.0742504409171080e+02
96 95  1.4890652557319231e+02
96 96  6.8895943562610250e+02
96 97  2.1022927689594368e+01
96 98  1.0742504409171083e+02
96 190  -4.3059964726631435e+01
96 191  -1.3983245149911824e+02
96 192  -4.3059964726631428e+01
96 201  2.1022927689594365e+01
96 202  1.4890652557319231e+02
96 203  2.1022927689594376e+01
97 73  -8.0286596119929499e+01
97 74  -4.3059964726631407e+01
97 75  -2.5633156966490299e+02
97 76  -1.3983245149911818e+02
97 77  -8.0286596119929513e+01
97 78  -4.3059964726631421e+01
97 95  5.3712522045855394e+01
97 96  2.1022927689594368e+01
97 97  3.4447971781305120e+02
97 98  1.4890652557319231e+02
97 99  5.3712522045855387e+01
97 100  2.1022927689594361e+01
98 73  -4.3059964726631399e+01
98 74  -1.6057319223985900e+02
98 75  -1.3983245149911818e+02
98 76  -5.1266313932980609e+02
98 77  -4.3059964726631407e+01
98 78  -1.6057319223985900e+02
98 95  2.1022927689594365e+01
98 96  1.0742504409171083e+02
98 97  1.4890652557319231e+02
98 98  6.8895943562610250e+02
98 99  2.1022927689594358e+01
98 100  1.0742504409171076e+02
98 191  -4.3059964726631421e+01
98 192  -1.3983245149911824e+02
98 193  -4.3059964726631399e+01
98 202  2.1022927689594376e+01
98 203  1.4890652557319228e+02
98 204  2.1022927689594351e+01
99 75  -8.0286596119929470e+01
99 76  -4.3059964726631392e+01
99 77  -2.5633156966490304e+02
99 78  -1.3983245149911821e+02
99 79  -8.0286596119929442e+01
99 80  -4.3059964726631371e+01
99 97  5.3712522045855387e+01
99 98  2.1022927689594358e+01
99 99  3.4447971781305108e+02
99 100  1.4890652557319225e+02
99 101  5.3712522045855430e+01
99 102  2.1022927689594379e+01
100 75  -4.3059964726631392e+01
100 76  -1.6057319223985894e+02
100 77  -1.3983245149911821e+02
100 78  -5.1266313932980620e+02
100 79  -4.3059964726631364e+01
100 80  -1.6057319223985888e+02
100 97  2.1022927689594361e+01
100 98  1.0742504409171076e+02
100 99  1.4890652557319225e+02
100 100  6.8895943562610228e+02
100 101  2.1022927689594379e+01
100 102  1.0742504409171087e+02
100 192  -4.3059964726631392e+01
100 193  -1.3983245149911824e+02
100 194  -4.3059964726631385e+01
100 203  2.1022927689594351e+01
100 204  1.4890652557319225e+02
100 205  2.1022927689594386e+01
101 77  -8.0286596119929584e+01
101 78  -4.3059964726631449e+01
101 79  -2.5633156966490304e+02
101 80  -1.3983245149911824e+02
101 81  -8.0286596119929470e+01
101 82  -4.3059964726631399e+01
101 99  5.3712522045855430e+01
101 100  2.1022927689594379e+01
101 101  3.4447971781305125e+02
101 102  1.4890652557319231e+02
101 103  5.3712522045855358e+01
101 104  2.1022927689594347e+01
102 77  -4.3059964726631442e+01
102 78  -1.6057319223985917e+02
102 79  -1.3983245149911818e+02
102 80  -5.1266313932980609e+02
102 81  -4.3059964726631399e+01
102 82  -1.6057319223985894e+02
102 99  2.1022927689594379e+01
102 100  1.0742504409171087e+02
102 101  1.4890652557319231e+02
102 102  6.8895943562610250e+02
102 103  2.1022927689594344e+01
102 104  1.0742504409171073e+02
102 193  -4.3059964726631470e+01
102 194  -1.3983245149911824e+02
102 195  -4.3059964726631385e+01
102 204  2.1022927689594386e+01
102 205  1.4890652557319231e+02
102 206  2.1022927689594347e+01
103 79  -8.0286596119929470e+01
103 80  -4.3059964726631399e+01
103 81  -2.5633156966490299e+02
103 82  -1.3983245149911821e+02
103 83  -8.0286596119929499e+01
103 84  -4.3059964726631407e+01
103 101  5.3712522045855358e+01
103 102  2.1022927689594344e+01
103 103  3.4447971781305114e+02
103 104  1.4890652557319228e+02
103 105  5.3712522045855415e+01
103 106  2.1022927689594376e+01
104 79  -4.3059964726631392e+01
104 80  -1.6057319223985894e+02
104 81  -1.3983245149911818e+02
104 82  -5.1266313932980620e+02
104 83  -4.3059964726631399e+01
104 84  -1.6057319223985900e+02
104 101  2.1022927689594347e+01
104 102  1.0742504409171073e+02
104 103  1.4890652557319228e+02
104 104  6.8895943562610239e+02
104 105  2.1022927689594376e+01
104 106  1.0742504409171087e+02
104 194  -4.3059964726631392e+01
104 195  -1.3983245149911824e+02
104 196  -4.3059964726631428e+01
104 205  2.1022927689594347e+01
104 206  1.4890652557319225e+02
104 207  2.1022927689594393e+01
105 81  -8.0286596119929499e+01
105 82  -4.3059964726631399e+01
105 83  -2.5633156966490299e+02
105 84  -1.3983245149911821e+02
105 85  -8.0286596119929442e+01
105 86  -4.3059964726631378e+01
105 103  5.3712522045855415e+01
105 104  2.1022927689594376e+01
105 105  3.4447971781305114e+02
105 106  1.4890652557319225e+02
105 107  5.3712522045855366e+01
105 108  2.1022927689594347e+01
106 81  -4.3059964726631399e+01
106 82  -1.6057319223985900e+02
106 83  -1.3983245149911818e+02
106 84  -5.1266313932980609e+02
106 85  -4.3059964726631385e+01
106 86  -1.6057319223985886e+02
106 103  2.1022927689594376e+01
106 104  1.0742504409171087e+02
106 105  1.4890652557319225e+02
106 106  6.8895943562610228e+02
106 107  2.1022927689594347e+01
106 108  1.0742504409171070e+02
106 195  -4.3059964726631421e+01
106 196  -1.3983245149911821e+02
106 197  -4.3059964726631364e+01
106 206  2.1022927689594393e+01
106 207  1.4890652557319225e+02
106 208  2.1022927689594347e+01
107 83  -8.0286596119929527e+01
107 84  -4.3059964726631435e+01
107 85  -2.5633156966490299e+02
107 86  -1.3983245149911818e+02
107 87  -8.0286596119929328e+01
107 88  -4.3059964726631343e+01
107 105  5.3712522045855366e+01
107 106  2.1022927689594347e+01
107 107  3.4447971781305102e+02
107 108  1.4890652557319220e+02
107 109  5.3712522045855366e+01
107 110  2.1022927689594347e+01
108 83  -4.3059964726631414e+01
108 84  -1.6057319223985900e+02
108 85  -1.3983245149911815e+02
108 86  -5.1266313932980586e+02
108 87  -4.3059964726631335e+01
108 88  -1.6057319223985866e+02
108 105  2.1022927689594347e+01
108 106  1.0742504409171070e+02
108 107  1.4890652557319220e+02
108 108  6.8895943562610216e+02
108 109  2.1022927689594344e+01
108 110  1.0742504409171072e+02
108 196  -4.3059964726631407e+01
108 197  -1.3983245149911815e+02
108 198  -4.3059964726631321e+01
108 207  2.1022927689594344e+01
108 208  1.4890652557319220e+02
108 209  2.1022927689594347e+01
109 85  -8.0286596119929584e+01
109 86  -4.3059964726631463e+01
109 87  -1.2816578483245149e+02
109 88  -6.9916225749559089e+01
109 107  5.3712522045855366e+01
109 108  2.1022927689594344e+01
109 109  1.7223985890652568e+02
109 110  7.4453262786596184e+01
110 85  -4.3059964726631463e+01
110 86  -1.6057319223985917e+02
110 87  -6.9916225749559075e+01
110 88  -2.5633156966490299e+02
110 107  2.1022927689594347e+01
110 108  1.0742504409171072e+02
110 109  7.4453262786596184e+01
110 110  3.4447971781305131e+02
110 197  -4.3059964726631449e+01
110 198  -6.9916225749559075e+01
110 208  2.1022927689594344e+01
110 209  7.4453262786596170e+01
177 47  1.4890652557319231e+02
177 48  2.1022927689594358e+01
177 50  2.1022927689594361e+01
177 69  -1.3983245149911821e+02
177 70  -4.3059964726631407e+01
177 72  -4.3059964726631421e+01
177 177  3.4447971781305120e+02
177 178  5.3712522045855394e+01
177 179  5.3712522045855394e+01
177 188  -2.5633156966490299e+02
177 189  -8.0286596119929456e+01
177 190  -8.0286596119929484e+01
178 47  2.1022927689594358e+01
178 48  7.4453262786596142e+01
178 69  -4.3059964726631399e+01
178 70  -6.9916225749559104e+01
178 177  5.3712522045855394e+01
178 178  1.7223985890652560e+02
178 188  -8.0286596119929456e+01
178 189  -1.2816578483245149e+02
179 47  2.1022927689594358e+01
179 50  1.4890652557319225e+02
179 52  2.1022927689594351e+01
179 69  -4.3059964726631399e+01
179 72  -1.3983245149911818e+02
179 74  -4.3059964726631421e+01
179 177  5.3712522045855394e+01
179 179  3.4447971781305125e+02
179 180  5.3712522045855380e+01
179 188  -8.0286596119929456e+01
179 190  -2.5633156966490299e+02
179 191  -8.0286596119929499e+01
180 50  2.1022927689594354e+01
180 52  1.4890652557319225e+02
180 54  2.1022927689594358e+01
180 72  -4.3059964726631385e+01
180 74  -1.3983245149911818e+02
180 76  -4.3059964726631399e+01
180 179  5.3712522045855380e+01
180 180  3.4447971781305114e+02
180 181  5.3712522045855394e+01
180 190  -8.0286596119929413e+01
180 191  -2.5633156966490299e+02
180 192  -8.0286596119929456e+01
181 52  2.1022927689594358e+01
181 54  1.4890652557319225e+02
181 56  2.1022927689594340e+01
181 74  -4.3059964726631407e+01
181 76  -1.3983245149911818e+02
181 78  -4.3059964726631385e+01
181 180  5.3712522045855394e+01
181 181  3.4447971781305114e+02
181 182  5.3712522045855351e+01
181 191  -8.0286596119929456e+01
181 192  -2.5633156966490293e+02
181 193  -8.0286596119929413e+01
182 54  2.1022927689594344e+01
182 56  1.4890652557319231e+02
182 58  2.1022927689594354e+01
182 76  -4.3059964726631399e+01
182 78  -1.3983245149911815e+02
182 80  -4.3059964726631435e+01
182 181  5.3712522045855351e+01
182 182  3.4447971781305125e+02
182 183  5.3712522045855380e+01
182 192  -8.0286596119929456e+01
182 193  -2.5633156966490299e+02
182 194  -8.0286596119929541e+01
183 56  2.1022927689594354e+01
183 58  1.4890652557319214e+02
183 60  2.1022927689594326e+01
183 78  -4.3059964726631357e+01
183 80  -1.3983245149911812e+02
183 82  -4.3059964726631385e+01
183 182  5.3712522045855380e+01
183 183  3.4447971781305102e+02
183 184  5.3712522045855323e+01
183 193  -8.0286596119929371e+01
183 194  -2.5633156966490287e+02
183 195  -8.0286596119929428e+01
184 58  2.1022927689594326e+01
184 60  1.4890652557319223e+02
184 62  2.1022927689594358e+01
184 80  -4.3059964726631378e+01
184 82  -1.3983245149911812e+02
184 84  -4.3059964726631392e+01
184 183  5.3712522045855323e+01
184 184  3.4447971781305108e+02
184 185  5.3712522045855380e+01
184 194  -8.0286596119929413e+01
184 195  -2.5633156966490287e+02
184 196  -8.0286596119929442e+01
185 60  2.1022927689594354e+01
185 62  1.4890652557319223e+02
185 64  2.1022927689594322e+01
185 82  -4.3059964726631399e+01
185 84  -1.3983245149911812e+02
185 86  -4.3059964726631392e+01
185 184  5.3712522045855380e+01
185 185  3.4447971781305114e+02
185 186  5.3712522045855323e+01
185 195  -8.0286596119929442e+01
185 196  -2.5633156966490287e+02
185 197  -8.0286596119929456e+01
186 62  2.1022927689594326e+01
186 64  1.4890652557319223e+02
186 66  2.1022927689594326e+01
186 84  -4.3059964726631357e+01
186 86  -1.3983245149911806e+02
186 88  -4.3059964726631428e+01
186 185  5.3712522045855323e+01
186 186  3.4447971781305108e+02
186 187  5.3712522045855323e+01
186 196  -8.0286596119929385e+01
186 197  -2.5633156966490276e+02
186 198  -8.0286596119929541e+01
187 64  2.1022927689594333e+01
187 66  7.4453262786596028e+01
187 86  -4.3059964726631314e+01
187 88  -6.9916225749559032e+01
187 186  5.3712522045855323e+01
187 187  1.7223985890652540e+02
187 197  -8.0286596119929300e+01
187 198  -1.2816578483245141e+02
188 47  -1.3983245149911821e+02
188 48  -4.3059964726631407e+01
188 50  -4.3059964726631399e+01
188 69  2.9781305114638457e+02
188 70  4.2045855379188737e+01
188 72  4.2045855379188737e+01
188 91  -1.3983245149911829e+02
188 92  -4.3059964726631428e+01
188 94  -4.3059964726631435e+01
188 177  -2.5633156966490299e+02
188 178  -8.0286596119929456e+01
188 179  -8.0286596119929456e+01
188 188  6.8895943562610262e+02
188 189  1.0742504409171083e+02
188 190  1.0742504409171083e+02
188 199  -2.5633156966490321e+02
188 200  -8.0286596119929513e+01
188 201  -8.0286596119929513e+01
189 47  -4.3059964726631399e+01
189 48  -6.9916225749559104e+01
189 69  4.2045855379188730e+01
189 70  1.4890652557319231e+02
189 91  -4.3059964726631421e+01
189 92  -6.9916225749559146e+01
189 177  -8.0286596119929456e+01
189 178  -1.2816578483245149e+02
189 188  1.0742504409171083e+02
189 189  3.4447971781305125e+02
189 199  -8.0286596119929513e+01
189 200  -1.2816578483245158e+02
190 47  -4.3059964726631421e+01
190 50  -1.3983245149911818e+02
190 52  -4.3059964726631378e+01
190 69  4.2045855379188737e+01
190 72  2.9781305114638457e+02
190 74  4.2045855379188723e+01
190 91  -4.3059964726631421e+01
190 94  -1.3983245149911824e+02
190 96  -4.3059964726631435e+01
190 177  -8.0286596119929484e+01
190 179  -2.5633156966490299e+02
190 180  -8.0286596119929413e+01
190 188  1.0742504409171083e+02
190 190  6.8895943562610239e+02
190 191  1.0742504409171079e+02
190 199  -8.0286596119929499e+01
190 201  -2.5633156966490310e+02
190 202  -8.0286596119929499e+01
191 50  -4.3059964726631421e+01
191 52  -1.3983245149911818e+02
191 54  -4.3059964726631399e+01
191 72  4.2045855379188716e+01
191 74  2.9781305114638457e+02
191 76  4.2045855379188730e+01
191 94  -4.3059964726631392e+01
191 96  -1.3983245149911824e+02
191 98  -4.3059964726631421e+01
191 179  -8.0286596119929499e+01
191 180  -2.5633156966490299e+02
191 181  -8.0286596119929456e+01
191 190  1.0742504409171079e+02
191 191  6.8895943562610250e+02
191 192  1.0742504409171083e+02
191 201  -8.0286596119929428e+01
191 202  -2.5633156966490310e+02
191 203  -8.0286596119929513e+01
192 52  -4.3059964726631407e+01
192 54  -1.3983245149911818e+02
192 56  -4.3059964726631399e+01
192 74  4.2045855379188737e+01
