%Mat Object:() 1 MPI processes
%  type: seqaij
% Size = 231 231 
% Nonzeros = 1118 
zzz = zeros(1118,3);
zzz = [
89 89  3.4447971781305120e+02
89 90  5.3712522045855366e+01
89 91  1.4890652557319225e+02
89 92  2.1022927689594347e+01
89 93  5.3712522045855366e+01
89 94  2.1022927689594347e+01
89 111  -2.5633156966490299e+02
89 112  -8.0286596119929499e+01
89 113  -1.3983245149911815e+02
89 114  -4.3059964726631399e+01
89 115  -8.0286596119929499e+01
89 116  -4.3059964726631407e+01
90 89  5.3712522045855366e+01
90 90  1.7223985890652560e+02
90 91  2.1022927689594347e+01
90 92  7.4453262786596127e+01
90 111  -8.0286596119929499e+01
90 112  -1.2816578483245146e+02
90 113  -4.3059964726631399e+01
90 114  -6.9916225749559075e+01
91 89  1.4890652557319225e+02
91 90  2.1022927689594347e+01
91 91  6.8895943562610216e+02
91 92  1.0742504409171070e+02
91 93  2.1022927689594351e+01
91 94  1.0742504409171070e+02
91 111  -1.3983245149911818e+02
91 112  -4.3059964726631399e+01
91 113  -5.1266313932980563e+02
91 114  -1.6057319223985894e+02
91 115  -4.3059964726631407e+01
91 116  -1.6057319223985894e+02
91 199  1.4890652557319220e+02
91 200  2.1022927689594322e+01
91 201  2.1022927689594326e+01
91 210  -1.3983245149911806e+02
91 211  -4.3059964726631392e+01
91 212  -4.3059964726631392e+01
92 89  2.1022927689594347e+01
92 90  7.4453262786596127e+01
92 91  1.0742504409171070e+02
92 92  3.4447971781305108e+02
92 111  -4.3059964726631399e+01
92 112  -6.9916225749559104e+01
92 113  -1.6057319223985894e+02
92 114  -2.5633156966490287e+02
92 199  2.1022927689594326e+01
92 200  7.4453262786596085e+01
92 210  -4.3059964726631385e+01
92 211  -6.9916225749559032e+01
93 89  5.3712522045855366e+01
93 91  2.1022927689594351e+01
93 93  3.4447971781305114e+02
93 94  1.4890652557319225e+02
93 95  5.3712522045855309e+01
93 96  2.1022927689594322e+01
93 111  -8.0286596119929470e+01
93 113  -4.3059964726631399e+01
93 115  -2.5633156966490282e+02
93 116  -1.3983245149911812e+02
93 117  -8.0286596119929470e+01
93 118  -4.3059964726631399e+01
94 89  2.1022927689594347e+01
94 91  1.0742504409171070e+02
94 93  1.4890652557319225e+02
94 94  6.8895943562610205e+02
94 95  2.1022927689594322e+01
94 96  1.0742504409171065e+02
94 111  -4.3059964726631399e+01
94 113  -1.6057319223985888e+02
94 115  -1.3983245149911812e+02
94 116  -5.1266313932980563e+02
94 117  -4.3059964726631399e+01
94 118  -1.6057319223985894e+02
94 199  2.1022927689594329e+01
94 201  1.4890652557319217e+02
94 202  2.1022927689594322e+01
94 210  -4.3059964726631378e+01
94 212  -1.3983245149911806e+02
94 213  -4.3059964726631392e+01
95 93  5.3712522045855309e+01
95 94  2.1022927689594322e+01
95 95  3.4447971781305108e+02
95 96  1.4890652557319220e+02
95 97  5.3712522045855366e+01
95 98  2.1022927689594347e+01
95 115  -8.0286596119929413e+01
95 116  -4.3059964726631378e+01
95 117  -2.5633156966490282e+02
95 118  -1.3983245149911812e+02
95 119  -8.0286596119929499e+01
95 120  -4.3059964726631399e+01
96 93  2.1022927689594322e+01
96 94  1.0742504409171065e+02
96 95  1.4890652557319220e+02
96 96  6.8895943562610194e+02
96 97  2.1022927689594347e+01
96 98  1.0742504409171070e+02
96 115  -4.3059964726631364e+01
96 116  -1.6057319223985877e+02
96 117  -1.3983245149911812e+02
96 118  -5.1266313932980552e+02
96 119  -4.3059964726631399e+01
96 120  -1.6057319223985894e+02
96 201  2.1022927689594322e+01
96 202  1.4890652557319214e+02
96 203  2.1022927689594326e+01
96 212  -4.3059964726631350e+01
96 213  -1.3983245149911806e+02
96 214  -4.3059964726631385e+01
97 95  5.3712522045855366e+01
97 96  2.1022927689594347e+01
97 97  3.4447971781305102e+02
97 98  1.4890652557319220e+02
97 99  5.3712522045855309e+01
97 100  2.1022927689594319e+01
97 117  -8.0286596119929499e+01
97 118  -4.3059964726631399e+01
97 119  -2.5633156966490282e+02
97 120  -1.3983245149911806e+02
97 121  -8.0286596119929413e+01
97 122  -4.3059964726631364e+01
98 95  2.1022927689594347e+01
98 96  1.0742504409171070e+02
98 97  1.4890652557319220e+02
98 98  6.8895943562610194e+02
98 99  2.1022927689594319e+01
98 100  1.0742504409171065e+02
98 117  -4.3059964726631399e+01
98 118  -1.6057319223985894e+02
98 119  -1.3983245149911812e+02
98 120  -5.1266313932980563e+02
98 121  -4.3059964726631364e+01
98 122  -1.6057319223985880e+02
98 202  2.1022927689594322e+01
98 203  1.4890652557319217e+02
98 204  2.1022927689594326e+01
98 213  -4.3059964726631392e+01
98 214  -1.3983245149911806e+02
98 215  -4.3059964726631378e+01
99 97  5.3712522045855309e+01
99 98  2.1022927689594319e+01
99 99  3.4447971781305114e+02
99 100  1.4890652557319225e+02
99 101  5.3712522045855358e+01
99 102  2.1022927689594344e+01
99 119  -8.0286596119929470e+01
99 120  -4.3059964726631392e+01
99 121  -2.5633156966490276e+02
99 122  -1.3983245149911806e+02
99 123  -8.0286596119929555e+01
99 124  -4.3059964726631435e+01
100 97  2.1022927689594319e+01
100 98  1.0742504409171065e+02
100 99  1.4890652557319225e+02
100 100  6.8895943562610239e+02
100 101  2.1022927689594344e+01
100 102  1.0742504409171076e+02
100 119  -4.3059964726631392e+01
100 120  -1.6057319223985891e+02
100 121  -1.3983245149911809e+02
100 122  -5.1266313932980574e+02
100 123  -4.3059964726631435e+01
100 124  -1.6057319223985911e+02
100 203  2.1022927689594326e+01
100 204  1.4890652557319231e+02
100 205  2.1022927689594354e+01
100 214  -4.3059964726631392e+01
100 215  -1.3983245149911812e+02
100 216  -4.3059964726631442e+01
101 99  5.3712522045855358e+01
101 100  2.1022927689594344e+01
101 101  3.4447971781305091e+02
101 102  1.4890652557319211e+02
101 103  5.3712522045855280e+01
101 104  2.1022927689594304e+01
101 121  -8.0286596119929385e+01
101 122  -4.3059964726631357e+01
101 123  -2.5633156966490276e+02
101 124  -1.3983245149911806e+02
101 125  -8.0286596119929413e+01
101 126  -4.3059964726631343e+01
102 99  2.1022927689594344e+01
102 100  1.0742504409171076e+02
102 101  1.4890652557319211e+02
102 102  6.8895943562610194e+02
102 103  2.1022927689594297e+01
102 104  1.0742504409171059e+02
102 121  -4.3059964726631357e+01
102 122  -1.6057319223985877e+02
102 123  -1.3983245149911806e+02
102 124  -5.1266313932980563e+02
102 125  -4.3059964726631350e+01
102 126  -1.6057319223985883e+02
102 204  2.1022927689594354e+01
102 205  1.4890652557319217e+02
102 206  2.1022927689594319e+01
102 215  -4.3059964726631364e+01
102 216  -1.3983245149911812e+02
102 217  -4.3059964726631385e+01
103 101  5.3712522045855280e+01
103 102  2.1022927689594297e+01
103 103  3.4447971781305097e+02
103 104  1.4890652557319217e+02
103 105  5.3712522045855358e+01
103 106  2.1022927689594340e+01
103 123  -8.0286596119929413e+01
103 124  -4.3059964726631350e+01
103 125  -2.5633156966490276e+02
103 126  -1.3983245149911806e+02
103 127  -8.0286596119929470e+01
103 128  -4.3059964726631392e+01
104 101  2.1022927689594304e+01
104 102  1.0742504409171059e+02
104 103  1.4890652557319217e+02
104 104  6.8895943562610205e+02
104 105  2.1022927689594344e+01
104 106  1.0742504409171075e+02
104 123  -4.3059964726631350e+01
104 124  -1.6057319223985883e+02
104 125  -1.3983245149911806e+02
104 126  -5.1266313932980552e+02
104 127  -4.3059964726631392e+01
104 128  -1.6057319223985891e+02
104 205  2.1022927689594312e+01
104 206  1.4890652557319220e+02
104 207  2.1022927689594354e+01
104 216  -4.3059964726631385e+01
104 217  -1.3983245149911809e+02
104 218  -4.3059964726631399e+01
105 103  5.3712522045855358e+01
105 104  2.1022927689594344e+01
105 105  3.4447971781305102e+02
105 106  1.4890652557319220e+02
105 107  5.3712522045855273e+01
105 108  2.1022927689594304e+01
105 125  -8.0286596119929470e+01
105 126  -4.3059964726631392e+01
105 127  -2.5633156966490276e+02
105 128  -1.3983245149911804e+02
105 129  -8.0286596119929442e+01
105 130  -4.3059964726631378e+01
106 103  2.1022927689594340e+01
106 104  1.0742504409171075e+02
106 105  1.4890652557319220e+02
106 106  6.8895943562610205e+02
106 107  2.1022927689594301e+01
106 108  1.0742504409171057e+02
106 125  -4.3059964726631392e+01
106 126  -1.6057319223985891e+02
106 127  -1.3983245149911806e+02
106 128  -5.1266313932980563e+02
106 129  -4.3059964726631378e+01
106 130  -1.6057319223985888e+02
106 206  2.1022927689594354e+01
106 207  1.4890652557319220e+02
106 208  2.1022927689594319e+01
106 217  -4.3059964726631399e+01
106 218  -1.3983245149911812e+02
106 219  -4.3059964726631392e+01
107 105  5.3712522045855273e+01
107 106  2.1022927689594301e+01
107 107  3.4447971781305091e+02
107 108  1.4890652557319214e+02
107 109  5.3712522045855280e+01
107 110  2.1022927689594304e+01
107 127  -8.0286596119929357e+01
107 128  -4.3059964726631335e+01
107 129  -2.5633156966490259e+02
107 130  -1.3983245149911795e+02
107 131  -8.0286596119929499e+01
107 132  -4.3059964726631421e+01
108 105  2.1022927689594304e+01
108 106  1.0742504409171057e+02
108 107  1.4890652557319214e+02
108 108  6.8895943562610194e+02
108 109  2.1022927689594297e+01
108 110  1.0742504409171057e+02
108 127  -4.3059964726631335e+01
108 128  -1.6057319223985874e+02
108 129  -1.3983245149911801e+02
108 130  -5.1266313932980540e+02
108 131  -4.3059964726631421e+01
108 132  -1.6057319223985905e+02
108 207  2.1022927689594315e+01
108 208  1.4890652557319220e+02
108 209  2.1022927689594319e+01
108 218  -4.3059964726631364e+01
108 219  -1.3983245149911806e+02
108 220  -4.3059964726631435e+01
109 107  5.3712522045855280e+01
109 108  2.1022927689594297e+01
109 109  1.7223985890652531e+02
109 110  7.4453262786596000e+01
109 129  -8.0286596119929257e+01
109 130  -4.3059964726631300e+01
109 131  -1.2816578483245129e+02
109 132  -6.9916225749558976e+01
110 107  2.1022927689594304e+01
110 108  1.0742504409171057e+02
110 109  7.4453262786596000e+01
110 110  3.4447971781305068e+02
110 129  -4.3059964726631300e+01
110 130  -1.6057319223985857e+02
110 131  -6.9916225749559004e+01
110 132  -2.5633156966490264e+02
110 208  2.1022927689594312e+01
110 209  7.4453262786596014e+01
110 219  -4.3059964726631314e+01
110 220  -6.9916225749559032e+01
111 89  -2.5633156966490299e+02
111 90  -8.0286596119929499e+01
111 91  -1.3983245149911818e+02
111 92  -4.3059964726631399e+01
111 93  -8.0286596119929470e+01
111 94  -4.3059964726631399e+01
111 111  6.8895943562610239e+02
111 112  1.0742504409171077e+02
111 113  2.9781305114638457e+02
111 114  4.2045855379188716e+01
111 115  1.0742504409171076e+02
111 116  4.2045855379188716e+01
111 133  -2.5633156966490299e+02
111 134  -8.0286596119929499e+01
111 135  -1.3983245149911818e+02
111 136  -4.3059964726631399e+01
111 137  -8.0286596119929499e+01
111 138  -4.3059964726631407e+01
112 89  -8.0286596119929499e+01
112 90  -1.2816578483245146e+02
112 91  -4.3059964726631399e+01
112 92  -6.9916225749559104e+01
112 111  1.0742504409171077e+02
112 112  3.4447971781305120e+02
112 113  4.2045855379188723e+01
112 114  1.4890652557319228e+02
112 133  -8.0286596119929499e+01
112 134  -1.2816578483245152e+02
112 135  -4.3059964726631399e+01
112 136  -6.9916225749559089e+01
113 89  -1.3983245149911815e+02
113 90  -4.3059964726631399e+01
113 91  -5.1266313932980563e+02
113 92  -1.6057319223985894e+02
113 93  -4.3059964726631399e+01
113 94  -1.6057319223985888e+02
113 111  2.9781305114638457e+02
113 112  4.2045855379188723e+01
113 113  1.3779188712522046e+03
113 114  2.1485008818342155e+02
113 115  4.2045855379188723e+01
113 116  2.1485008818342158e+02
113 133  -1.3983245149911821e+02
113 134  -4.3059964726631392e+01
113 135  -5.1266313932980620e+02
113 136  -1.6057319223985900e+02
113 137  -4.3059964726631407e+01
113 138  -1.6057319223985900e+02
113 199  -1.3983245149911809e+02
113 200  -4.3059964726631392e+01
113 201  -4.3059964726631392e+01
113 210  2.9781305114638451e+02
113 211  4.2045855379188694e+01
113 212  4.2045855379188694e+01
113 221  -1.3983245149911824e+02
113 222  -4.3059964726631421e+01
113 223  -4.3059964726631421e+01
114 89  -4.3059964726631399e+01
114 90  -6.9916225749559075e+01
114 91  -1.6057319223985894e+02
114 92  -2.5633156966490287e+02
114 111  4.2045855379188716e+01
114 112  1.4890652557319228e+02
114 113  2.1485008818342155e+02
114 114  6.8895943562610239e+02
114 133  -4.3059964726631407e+01
114 134  -6.9916225749559104e+01
114 135  -1.6057319223985900e+02
114 136  -2.5633156966490310e+02
114 199  -4.3059964726631392e+01
114 200  -6.9916225749559047e+01
114 210  4.2045855379188701e+01
114 211  1.4890652557319225e+02
114 221  -4.3059964726631421e+01
114 222  -6.9916225749559118e+01
115 89  -8.0286596119929499e+01
115 91  -4.3059964726631407e+01
115 93  -2.5633156966490282e+02
115 94  -1.3983245149911812e+02
115 95  -8.0286596119929413e+01
115 96  -4.3059964726631364e+01
115 111  1.0742504409171076e+02
115 113  4.2045855379188723e+01
115 115  6.8895943562610228e+02
115 116  2.9781305114638451e+02
115 117  1.0742504409171070e+02
115 118  4.2045855379188694e+01
115 133  -8.0286596119929470e+01
115 135  -4.3059964726631392e+01
115 137  -2.5633156966490304e+02
115 138  -1.3983245149911821e+02
115 139  -8.0286596119929527e+01
115 140  -4.3059964726631435e+01
116 89  -4.3059964726631407e+01
116 91  -1.6057319223985894e+02
116 93  -1.3983245149911812e+02
116 94  -5.1266313932980563e+02
116 95  -4.3059964726631378e+01
116 96  -1.6057319223985877e+02
116 111  4.2045855379188716e+01
116 113  2.1485008818342158e+02
116 115  2.9781305114638451e+02
116 116  1.3779188712522043e+03
116 117  4.2045855379188694e+01
116 118  2.1485008818342146e+02
116 133  -4.3059964726631392e+01
116 135  -1.6057319223985897e+02
116 137  -1.3983245149911824e+02
116 138  -5.1266313932980620e+02
116 139  -4.3059964726631435e+01
116 140  -1.6057319223985905e+02
116 199  -4.3059964726631392e+01
116 201  -1.3983245149911806e+02
116 202  -4.3059964726631357e+01
116 210  4.2045855379188701e+01
116 212  2.9781305114638445e+02
116 213  4.2045855379188694e+01
116 221  -4.3059964726631399e+01
116 223  -1.3983245149911821e+02
116 224  -4.3059964726631421e+01
117 93  -8.0286596119929470e+01
117 94  -4.3059964726631399e+01
117 95  -2.5633156966490282e+02
117 96  -1.3983245149911812e+02
117 97  -8.0286596119929499e+01
117 98  -4.3059964726631399e+01
117 115  1.0742504409171070e+02
117 116  4.2045855379188694e+01
117 117  6.8895943562610228e+02
117 118  2.9781305114638451e+02
117 119  1.0742504409171077e+02
117 120  4.2045855379188723e+01
117 137  -8.0286596119929470e+01
117 138  -4.3059964726631392e+01
117 139  -2.5633156966490304e+02
117 140  -1.3983245149911818e+02
117 141  -8.0286596119929499e+01
117 142  -4.3059964726631399e+01
118 93  -4.3059964726631399e+01
118 94  -1.6057319223985894e+02
118 95  -1.3983245149911812e+02
118 96  -5.1266313932980552e+02
118 97  -4.3059964726631399e+01
118 98  -1.6057319223985894e+02
118 115  4.2045855379188694e+01
118 116  2.1485008818342146e+02
118 117  2.9781305114638451e+02
118 118  1.3779188712522043e+03
118 119  4.2045855379188716e+01
118 120  2.1485008818342155e+02
118 137  -4.3059964726631399e+01
118 138  -1.6057319223985888e+02
118 139  -1.3983245149911824e+02
118 140  -5.1266313932980609e+02
118 141  -4.3059964726631407e+01
118 142  -1.6057319223985900e+02
118 201  -4.3059964726631399e+01
118 202  -1.3983245149911806e+02
118 203  -4.3059964726631392e+01
118 212  4.2045855379188680e+01
118 213  2.9781305114638445e+02
118 214  4.2045855379188701e+01
118 223  -4.3059964726631392e+01
118 224  -1.3983245149911821e+02
118 225  -4.3059964726631421e+01
119 95  -8.0286596119929499e+01
119 96  -4.3059964726631399e+01
119 97  -2.5633156966490282e+02
119 98  -1.3983245149911812e+02
119 99  -8.0286596119929470e+01
119 100  -4.3059964726631392e+01
119 117  1.0742504409171077e+02
119 118  4.2045855379188716e+01
119 119  6.8895943562610228e+02
119 120  2.9781305114638451e+02
119 121  1.0742504409171070e+02
119 122  4.2045855379188680e+01
119 139  -8.0286596119929499e+01
119 140  -4.3059964726631399e+01
119 141  -2.5633156966490299e+02
119 142  -1.3983245149911818e+02
119 143  -8.0286596119929470e+01
119 144  -4.3059964726631392e+01
120 95  -4.3059964726631399e+01
120 96  -1.6057319223985894e+02
120 97  -1.3983245149911806e+02
120 98  -5.1266313932980563e+02
120 99  -4.3059964726631392e+01
120 100  -1.6057319223985891e+02
120 117  4.2045855379188723e+01
120 118  2.1485008818342155e+02
120 119  2.9781305114638451e+02
120 120  1.3779188712522043e+03
120 121  4.2045855379188673e+01
120 122  2.1485008818342141e+02
120 139  -4.3059964726631392e+01
120 140  -1.6057319223985900e+02
120 141  -1.3983245149911818e+02
120 142  -5.1266313932980609e+02
120 143  -4.3059964726631392e+01
120 144  -1.6057319223985894e+02
120 202  -4.3059964726631392e+01
120 203  -1.3983245149911812e+02
120 204  -4.3059964726631392e+01
120 213  4.2045855379188694e+01
120 214  2.9781305114638445e+02
120 215  4.2045855379188680e+01
120 224  -4.3059964726631421e+01
120 225  -1.3983245149911818e+02
120 226  -4.3059964726631385e+01
121 97  -8.0286596119929413e+01
121 98  -4.3059964726631364e+01
121 99  -2.5633156966490276e+02
121 100  -1.3983245149911809e+02
121 101  -8.0286596119929385e+01
121 102  -4.3059964726631357e+01
121 119  1.0742504409171070e+02
121 120  4.2045855379188673e+01
121 121  6.8895943562610216e+02
121 122  2.9781305114638451e+02
121 123  1.0742504409171079e+02
121 124  4.2045855379188723e+01
121 141  -8.0286596119929513e+01
121 142  -4.3059964726631407e+01
121 143  -2.5633156966490304e+02
121 144  -1.3983245149911821e+02
121 145  -8.0286596119929584e+01
121 146  -4.3059964726631442e+01
122 97  -4.3059964726631364e+01
122 98  -1.6057319223985880e+02
122 99  -1.3983245149911806e+02
122 100  -5.1266313932980574e+02
122 101  -4.3059964726631357e+01
122 102  -1.6057319223985877e+02
122 119  4.2045855379188680e+01
122 120  2.1485008818342141e+02
122 121  2.9781305114638451e+02
122 122  1.3779188712522046e+03
122 123  4.2045855379188723e+01
122 124  2.1485008818342163e+02
122 141  -4.3059964726631421e+01
122 142  -1.6057319223985900e+02
122 143  -1.3983245149911821e+02
122 144  -5.1266313932980620e+02
122 145  -4.3059964726631449e+01
122 146  -1.6057319223985917e+02
122 203  -4.3059964726631378e+01
122 204  -1.3983245149911812e+02
122 205  -4.3059964726631364e+01
122 214  4.2045855379188680e+01
122 215  2.9781305114638451e+02
122 216  4.2045855379188737e+01
122 225  -4.3059964726631399e+01
122 226  -1.3983245149911821e+02
122 227  -4.3059964726631470e+01
123 99  -8.0286596119929555e+01
123 100  -4.3059964726631435e+01
123 101  -2.5633156966490276e+02
123 102  -1.3983245149911806e+02
123 103  -8.0286596119929413e+01
123 104  -4.3059964726631350e+01
123 121  1.0742504409171079e+02
123 122  4.2045855379188723e+01
123 123  6.8895943562610216e+02
123 124  2.9781305114638445e+02
123 125  1.0742504409171065e+02
123 126  4.2045855379188652e+01
123 143  -8.0286596119929442e+01
123 144  -4.3059964726631364e+01
123 145  -2.5633156966490304e+02
123 146  -1.3983245149911818e+02
123 147  -8.0286596119929470e+01
123 148  -4.3059964726631392e+01
124 99  -4.3059964726631435e+01
124 100  -1.6057319223985911e+02
124 101  -1.3983245149911806e+02
124 102  -5.1266313932980563e+02
124 103  -4.3059964726631350e+01
124 104  -1.6057319223985883e+02
124 121  4.2045855379188723e+01
124 122  2.1485008818342163e+02
124 123  2.9781305114638445e+02
124 124  1.3779188712522043e+03
124 125  4.2045855379188637e+01
124 126  2.1485008818342129e+02
124 143  -4.3059964726631371e+01
124 144  -1.6057319223985888e+02
124 145  -1.3983245149911824e+02
124 146  -5.1266313932980609e+02
124 147  -4.3059964726631399e+01
124 148  -1.6057319223985894e+02
124 204  -4.3059964726631442e+01
124 205  -1.3983245149911812e+02
124 206  -4.3059964726631378e+01
124 215  4.2045855379188737e+01
124 216  2.9781305114638451e+02
124 217  4.2045855379188666e+01
124 226  -4.3059964726631378e+01
124 227  -1.3983245149911821e+02
124 228  -4.3059964726631385e+01
125 101  -8.0286596119929413e+01
125 102  -4.3059964726631350e+01
125 103  -2.5633156966490276e+02
125 104  -1.3983245149911806e+02
125 105  -8.0286596119929470e+01
125 106  -4.3059964726631392e+01
125 123  1.0742504409171065e+02
125 124  4.2045855379188637e+01
125 125  6.8895943562610205e+02
125 126  2.9781305114638451e+02
125 127  1.0742504409171077e+02
125 128  4.2045855379188723e+01
125 145  -8.0286596119929470e+01
125 146  -4.3059964726631399e+01
125 147  -2.5633156966490299e+02
125 148  -1.3983245149911818e+02
125 149  -8.0286596119929499e+01
125 150  -4.3059964726631399e+01
126 101  -4.3059964726631343e+01
126 102  -1.6057319223985883e+02
126 103  -1.3983245149911806e+02
126 104  -5.1266313932980552e+02
126 105  -4.3059964726631392e+01
126 106  -1.6057319223985891e+02
126 123  4.2045855379188652e+01
126 124  2.1485008818342129e+02
126 125  2.9781305114638451e+02
126 126  1.3779188712522046e+03
126 127  4.2045855379188723e+01
126 128  2.1485008818342158e+02
126 145  -4.3059964726631399e+01
126 146  -1.6057319223985894e+02
126 147  -1.3983245149911821e+02
126 148  -5.1266313932980620e+02
126 149  -4.3059964726631399e+01
126 150  -1.6057319223985900e+02
126 205  -4.3059964726631378e+01
126 206  -1.3983245149911812e+02
126 207  -4.3059964726631399e+01
126 216  4.2045855379188659e+01
126 217  2.9781305114638451e+02
126 218  4.2045855379188744e+01
126 227  -4.3059964726631385e+01
126 228  -1.3983245149911821e+02
126 229  -4.3059964726631421e+01
127 103  -8.0286596119929470e+01
127 104  -4.3059964726631392e+01
127 105  -2.5633156966490276e+02
127 106  -1.3983245149911806e+02
127 107  -8.0286596119929357e+01
127 108  -4.3059964726631335e+01
127 125  1.0742504409171077e+02
127 126  4.2045855379188723e+01
127 127  6.8895943562610205e+02
127 128  2.9781305114638445e+02
127 129  1.0742504409171063e+02
127 130  4.2045855379188652e+01
127 147  -8.0286596119929499e+01
127 148  -4.3059964726631399e+01
127 149  -2.5633156966490299e+02
127 150  -1.3983245149911818e+02
127 151  -8.0286596119929527e+01
127 152  -4.3059964726631414e+01
128 103  -4.3059964726631392e+01
128 104  -1.6057319223985891e+02
128 105  -1.3983245149911804e+02
128 106  -5.1266313932980563e+02
128 107  -4.3059964726631335e+01
128 108  -1.6057319223985874e+02
128 125  4.2045855379188723e+01
128 126  2.1485008818342158e+02
128 127  2.9781305114638445e+02
128 128  1.3779188712522046e+03
128 129  4.2045855379188644e+01
128 130  2.1485008818342129e+02
128 147  -4.3059964726631407e+01
128 148  -1.6057319223985900e+02
128 149  -1.3983245149911821e+02
128 150  -5.1266313932980609e+02
128 151  -4.3059964726631435e+01
128 152  -1.6057319223985900e+02
128 206  -4.3059964726631399e+01
128 207  -1.3983245149911812e+02
128 208  -4.3059964726631357e+01
128 217  4.2045855379188744e+01
128 218  2.9781305114638451e+02
128 219  4.2045855379188666e+01
128 228  -4.3059964726631421e+01
128 229  -1.3983245149911821e+02
128 230  -4.3059964726631399e+01
129 105  -8.0286596119929442e+01
129 106  -4.3059964726631378e+01
129 107  -2.5633156966490259e+02
129 108  -1.3983245149911801e+02
129 109  -8.0286596119929257e+01
129 110  -4.3059964726631300e+01
129 127  1.0742504409171063e+02
129 128  4.2045855379188644e+01
129 129  6.8895943562610205e+02
129 130  2.9781305114638440e+02
129 131  1.0742504409171063e+02
129 132  4.2045855379188652e+01
129 149  -8.0286596119929442e+01
129 150  -4.3059964726631385e+01
129 151  -2.5633156966490299e+02
129 152  -1.3983245149911815e+02
129 153  -8.0286596119929584e+01
129 154  -4.3059964726631463e+01
130 105  -4.3059964726631378e+01
130 106  -1.6057319223985888e+02
130 107  -1.3983245149911795e+02
130 108  -5.1266313932980540e+02
130 109  -4.3059964726631300e+01
130 110  -1.6057319223985857e+02
130 127  4.2045855379188652e+01
130 128  2.1485008818342129e+02
130 129  2.9781305114638440e+02
130 130  1.3779188712522041e+03
130 131  4.2045855379188637e+01
130 132  2.1485008818342129e+02
130 149  -4.3059964726631378e+01
130 150  -1.6057319223985886e+02
130 151  -1.3983245149911818e+02
130 152  -5.1266313932980586e+02
130 153  -4.3059964726631463e+01
130 154  -1.6057319223985917e+02
130 207  -4.3059964726631399e+01
130 208  -1.3983245149911806e+02
130 209  -4.3059964726631321e+01
130 218  4.2045855379188666e+01
130 219  2.9781305114638440e+02
130 220  4.2045855379188666e+01
130 229  -4.3059964726631364e+01
130 230  -1.3983245149911812e+02
130 231  -4.3059964726631435e+01
131 107  -8.0286596119929499e+01
131 108  -4.3059964726631421e+01
131 109  -1.2816578483245129e+02
131 110  -6.9916225749559004e+01
131 129  1.0742504409171063e+02
131 130  4.2045855379188637e+01
131 131  3.4447971781305102e+02
131 132  1.4890652557319217e+02
131 151  -8.0286596119929328e+01
131 152  -4.3059964726631335e+01
131 153  -1.2816578483245149e+02
131 154  -6.9916225749559075e+01
132 107  -4.3059964726631421e+01
132 108  -1.6057319223985905e+02
132 109  -6.9916225749558976e+01
132 110  -2.5633156966490264e+02
132 129  4.2045855379188652e+01
132 130  2.1485008818342129e+02
132 131  1.4890652557319217e+02
132 132  6.8895943562610205e+02
132 151  -4.3059964726631343e+01
132 152  -1.6057319223985866e+02
132 153  -6.9916225749559089e+01
132 154  -2.5633156966490299e+02
132 208  -4.3059964726631449e+01
132 209  -6.9916225749559032e+01
132 219  4.2045855379188652e+01
132 220  1.4890652557319220e+02
132 230  -4.3059964726631321e+01
132 231  -6.9916225749559061e+01
133 133  1.0000000000000000e+00
134 134  1.0000000000000000e+00
135 135  1.0000000000000000e+00
136 136  1.0000000000000000e+00
137 137  1.0000000000000000e+00
138 138  1.0000000000000000e+00
139 139  1.0000000000000000e+00
140 140  1.0000000000000000e+00
141 141  1.0000000000000000e+00
142 142  1.0000000000000000e+00
143 143  1.0000000000000000e+00
144 144  1.0000000000000000e+00
145 145  1.0000000000000000e+00
146 146  1.0000000000000000e+00
147 147  1.0000000000000000e+00
148 148  1.0000000000000000e+00
149 149  1.0000000000000000e+00
150 150  1.0000000000000000e+00
151 151  1.0000000000000000e+00
152 152  1.0000000000000000e+00
153 153  1.0000000000000000e+00
154 154  1.0000000000000000e+00
199 91  1.4890652557319220e+02
199 92  2.1022927689594326e+01
199 94  2.1022927689594329e+01
199 113  -1.3983245149911809e+02
199 114  -4.3059964726631392e+01
199 116  -4.3059964726631392e+01
199 199  3.4447971781305102e+02
199 200  5.3712522045855337e+01
199 201  5.3712522045855337e+01
199 210  -2.5633156966490276e+02
199 211  -8.0286596119929428e+01
199 212  -8.0286596119929442e+01
200 91  2.1022927689594322e+01
200 92  7.4453262786596085e+01
200 113  -4.3059964726631392e+01
200 114  -6.9916225749559047e+01
200 199  5.3712522045855337e+01
200 200  1.7223985890652551e+02
200 210  -8.0286596119929428e+01
200 211  -1.2816578483245138e+02
201 91  2.1022927689594326e+01
201 94  1.4890652557319217e+02
201 96  2.1022927689594322e+01
201 113  -4.3059964726631392e+01
201 116  -1.3983245149911806e+02
201 118  -4.3059964726631399e+01
201 199  5.3712522045855337e+01
201 201  3.4447971781305102e+02
201 202  5.3712522045855323e+01
201 210  -8.0286596119929413e+01
201 212  -2.5633156966490276e+02
201 213  -8.0286596119929442e+01
202 94  2.1022927689594322e+01
202 96  1.4890652557319214e+02
202 98  2.1022927689594322e+01
202 116  -4.3059964726631357e+01
202 118  -1.3983245149911806e+02
202 120  -4.3059964726631392e+01
202 201  5.3712522045855323e+01
202 202  3.4447971781305097e+02
202 203  5.3712522045855337e+01
202 212  -8.0286596119929371e+01
202 213  -2.5633156966490276e+02
202 214  -8.0286596119929428e+01
203 96  2.1022927689594326e+01
203 98  1.4890652557319217e+02
203 100  2.1022927689594326e+01
203 118  -4.3059964726631392e+01
203 120  -1.3983245149911812e+02
203 122  -4.3059964726631378e+01
203 202  5.3712522045855337e+01
203 203  3.4447971781305102e+02
203 204  5.3712522045855337e+01
203 213  -8.0286596119929428e+01
203 214  -2.5633156966490276e+02
203 215  -8.0286596119929399e+01
204 98  2.1022927689594326e+01
204 100  1.4890652557319231e+02
204 102  2.1022927689594354e+01
204 120  -4.3059964726631392e+01
204 122  -1.3983245149911812e+02
204 124  -4.3059964726631442e+01
204 203  5.3712522045855337e+01
204 204  3.4447971781305125e+02
204 205  5.3712522045855380e+01
204 214  -8.0286596119929456e+01
204 215  -2.5633156966490293e+02
204 216  -8.0286596119929555e+01
205 100  2.1022927689594354e+01
205 102  1.4890652557319217e+02
205 104  2.1022927689594312e+01
205 122  -4.3059964726631364e+01
205 124  -1.3983245149911812e+02
205 126  -4.3059964726631378e+01
205 204  5.3712522045855380e+01
205 205  3.4447971781305102e+02
205 206  5.3712522045855309e+01
205 215  -8.0286596119929371e+01
205 216  -2.5633156966490287e+02
205 217  -8.0286596119929399e+01
206 102  2.1022927689594319e+01
206 104  1.4890652557319220e+02
206 106  2.1022927689594354e+01
206 124  -4.3059964726631378e+01
206 126  -1.3983245149911812e+02
206 128  -4.3059964726631399e+01
206 205  5.3712522045855309e+01
206 206  3.4447971781305114e+02
206 207  5.3712522045855394e+01
206 216  -8.0286596119929399e+01
206 217  -2.5633156966490287e+02
206 218  -8.0286596119929456e+01
207 104  2.1022927689594354e+01
207 106  1.4890652557319220e+02
207 108  2.1022927689594315e+01
207 126  -4.3059964726631399e+01
207 128  -1.3983245149911812e+02
207 130  -4.3059964726631399e+01
207 206  5.3712522045855394e+01
207 207  3.4447971781305114e+02
207 208  5.3712522045855309e+01
207 217  -8.0286596119929456e+01
207 218  -2.5633156966490287e+02
207 219  -8.0286596119929456e+01
208 106  2.1022927689594319e+01
208 108  1.4890652557319220e+02
208 110  2.1022927689594312e+01
208 128  -4.3059964726631357e+01
208 130  -1.3983245149911806e+02
208 132  -4.3059964726631449e+01
208 207  5.3712522045855309e+01
208 208  3.4447971781305114e+02
208 209  5.3712522045855302e+01
208 218  -8.0286596119929385e+01
208 219  -2.5633156966490276e+02
208 220  -8.0286596119929527e+01
209 108  2.1022927689594319e+01
209 110  7.4453262786596014e+01
209 130  -4.3059964726631321e+01
209 132  -6.9916225749559032e+01
209 208  5.3712522045855302e+01
209 209  1.7223985890652540e+02
209 219  -8.0286596119929300e+01
209 220  -1.2816578483245138e+02
210 91  -1.3983245149911806e+02
210 92  -4.3059964726631385e+01
210 94  -4.3059964726631378e+01
210 113  2.9781305114638451e+02
210 114  4.2045855379188701e+01
210 116  4.2045855379188701e+01
210 135  -1.3983245149911829e+02
210 136  -4.3059964726631428e+01
210 138  -4.3059964726631435e+01
210 199  -2.5633156966490276e+02
210 200  -8.0286596119929428e+01
210 201  -8.0286596119929413e+01
210 210  6.8895943562610239e+02
210 211  1.0742504409171076e+02
210 212  1.0742504409171076e+02
210 221  -2.5633156966490321e+02
210 222  -8.0286596119929513e+01
210 223  -8.0286596119929513e+01
211 91  -4.3059964726631392e+01
211 92  -6.9916225749559032e+01
211 113  4.2045855379188694e+01
211 114  1.4890652557319225e+02
211 135  -4.3059964726631421e+01
211 136  -6.9916225749559146e+01
211 199  -8.0286596119929428e+01
211 200  -1.2816578483245138e+02
211 210  1.0742504409171076e+02
211 211  3.4447971781305120e+02
211 221  -8.0286596119929513e+01
211 222  -1.2816578483245158e+02
212 91  -4.3059964726631392e+01
212 94  -1.3983245149911806e+02
212 96  -4.3059964726631350e+01
212 113  4.2045855379188694e+01
212 116  2.9781305114638445e+02
212 118  4.2045855379188680e+01
212 135  -4.3059964726631421e+01
212 138  -1.3983245149911824e+02
212 140  -4.3059964726631435e+01
212 199  -8.0286596119929442e+01
212 201  -2.5633156966490276e+02
212 202  -8.0286596119929371e+01
212 210  1.0742504409171076e+02
212 212  6.8895943562610216e+02
212 213  1.0742504409171072e+02
212 221  -8.0286596119929499e+01
212 223  -2.5633156966490310e+02
212 224  -8.0286596119929499e+01
213 94  -4.3059964726631392e+01
213 96  -1.3983245149911806e+02
213 98  -4.3059964726631392e+01
213 116  4.2045855379188694e+01
213 118  2.9781305114638445e+02
213 120  4.2045855379188694e+01
213 138  -4.3059964726631392e+01
213 140  -1.3983245149911824e+02
213 142  -4.3059964726631421e+01
213 201  -8.0286596119929442e+01
213 202  -2.5633156966490276e+02
213 203  -8.0286596119929428e+01
213 212  1.0742504409171072e+02
213 213  6.8895943562610228e+02
213 214  1.0742504409171076e+02
213 223  -8.0286596119929428e+01
213 224  -2.5633156966490310e+02
213 225  -8.0286596119929513e+01
214 96  -4.3059964726631385e+01
214 98  -1.3983245149911806e+02
214 100  -4.3059964726631392e+01
214 118  4.2045855379188701e+01
214 120  2.9781305114638445e+02
214 122  4.2045855379188680e+01
214 140  -4.3059964726631428e+01
214 142  -1.3983245149911824e+02
214 144  -4.3059964726631392e+01
214 202  -8.0286596119929428e+01
214 203  -2.5633156966490276e+02
214 204  -8.0286596119929456e+01
214 213  1.0742504409171076e+02
214 214  6.8895943562610228e+02
214 215  1.0742504409171070e+02
214 224  -8.0286596119929513e+01
214 225  -2.5633156966490310e+02
214 226  -8.0286596119929442e+01
215 98  -4.3059964726631378e+01
215 100  -1.3983245149911812e+02
215 102  -4.3059964726631364e+01
215 120  4.2045855379188680e+01
215 122  2.9781305114638451e+02
215 124  4.2045855379188737e+01
215 142  -4.3059964726631399e+01
215 144  -1.3983245149911824e+02
215 146  -4.3059964726631470e+01
215 203  -8.0286596119929399e+01
215 204  -2.5633156966490293e+02
215 205  -8.0286596119929371e+01
215 214  1.0742504409171070e+02
215 215  6.8895943562610239e+02
215 216  1.0742504409171084e+02
215 225  -8.0286596119929470e+01
215 226  -2.5633156966490310e+02
215 227  -8.0286596119929584e+01
216 100  -4.3059964726631442e+01
216 102  -1.3983245149911812e+02
216 104  -4.3059964726631385e+01
216 122  4.2045855379188737e+01
216 124  2.9781305114638451e+02
216 126  4.2045855379188659e+01
216 144  -4.3059964726631385e+01
216 146  -1.3983245149911824e+02
216 148  -4.3059964726631392e+01
216 204  -8.0286596119929555e+01
216 205  -2.5633156966490287e+02
216 206  -8.0286596119929399e+01
216 215  1.0742504409171084e+02
216 216  6.8895943562610250e+02
216 217  1.0742504409171066e+02
216 226  -8.0286596119929442e+01
216 227  -2.5633156966490310e+02
216 228  -8.0286596119929442e+01
217 102  -4.3059964726631385e+01
217 104  -1.3983245149911809e+02
217 106  -4.3059964726631399e+01
217 124  4.2045855379188666e+01
217 126  2.9781305114638451e+02
217 128  4.2045855379188744e+01
217 146  -4.3059964726631385e+01
217 148  -1.3983245149911824e+02
217 150  -4.3059964726631421e+01
217 205  -8.0286596119929399e+01
217 206  -2.5633156966490287e+02
217 207  -8.0286596119929456e+01
217 216  1.0742504409171066e+02
217 217  6.8895943562610239e+02
217 218  1.0742504409171083e+02
217 227  -8.0286596119929442e+01
217 228  -2.5633156966490310e+02
217 229  -8.0286596119929513e+01
218 104  -4.3059964726631399e+01
218 106  -1.3983245149911812e+02
218 108  -4.3059964726631364e+01
218 126  4.2045855379188744e+01
218 128  2.9781305114638451e+02
218 130  4.2045855379188666e+01
218 148  -4.3059964726631428e+01
218 150  -1.3983245149911821e+02
218 152  -4.3059964726631407e+01
218 206  -8.0286596119929456e+01
218 207  -2.5633156966490287e+02
218 208  -8.0286596119929385e+01
218 217  1.0742504409171083e+02
218 218  6.8895943562610239e+02
218 219  1.0742504409171067e+02
218 228  -8.0286596119929513e+01
218 229  -2.5633156966490310e+02
218 230  -8.0286596119929484e+01
219 106  -4.3059964726631392e+01
219 108  -1.3983245149911806e+02
219 110  -4.3059964726631314e+01
219 128  4.2045855379188666e+01
219 130  2.9781305114638440e+02
219 132  4.2045855379188652e+01
219 150  -4.3059964726631364e+01
219 152  -1.3983245149911815e+02
219 154  -4.3059964726631449e+01
219 207  -8.0286596119929456e+01
219 208  -2.5633156966490276e+02
219 209  -8.0286596119929300e+01
219 218  1.0742504409171067e+02
219 219  6.8895943562610205e+02
219 220  1.0742504409171066e+02
219 229  -8.0286596119929413e+01
219 230  -2.5633156966490287e+02
219 231  -8.0286596119929555e+01
220 108  -4.3059964726631435e+01
220 110  -6.9916225749559032e+01
220 130  4.2045855379188666e+01
220 132  1.4890652557319220e+02
220 152  -4.3059964726631321e+01
220 154  -6.9916225749559075e+01
220 208  -8.0286596119929527e+01
220 209  -1.2816578483245138e+02
220 219  1.0742504409171066e+02
220 220  3.4447971781305102e+02
220 230  -8.0286596119929328e+01
220 231  -1.2816578483245144e+02
221 221  1.0000000000000000e+00
222 222  1.0000000000000000e+00
223 223  1.0000000000000000e+00
224 224  1.0000000000000000e+00
225 225  1.0000000000000000e+00
226 226  1.0000000000000000e+00
227 227  1.0000000000000000e+00
228 228  1.0000000000000000e+00
229 229  1.0000000000000000e+00
230 230  1.0000000000000000e+00
231 231  1.0000000000000000e+00
];
 Mat_0x9ac630_2 = spconvert(zzz);
