%Mat Object: 1 MPI processes
%  type: seqaij
% Size = 5126 5126 
% Nonzeros = 71771 
zzz = zeros(71771,3);
zzz = [
1 1  8.1478083303380302e-05
1 2  5.0323940085642092e-06
1 3  1.3846261284641571e-06
1 4  5.1080691249454782e-06
1 130  1.2438375729190049e-05
1 132  9.3222709712690299e-06
1 1129  1.0649393899142270e-06
1 1192  8.6619845698195557e-06
1 1231  1.3430755863042042e-05
1 1310  5.9227458745348185e-06
1 2145  1.4820061435044416e-05
1 2347  7.1450069163869902e-06
1 2721  8.2414917537042493e-06
1 3003  2.4022577022194272e-06
1 3004  2.7453550450016766e-06
1 3005  7.1402545015749779e-06
1 3174  2.3546192270248988e-06
1 3313  2.1318449625511761e-06
1 3471  5.2509902538264614e-06
1 3624  5.5033368609555597e-06
1 3760  2.1157446370370428e-06
2 1  5.0323940085642092e-06
2 2  1.3214081258157481e-03
2 3  9.3159592482221616e-05
2 4  1.5076854493397551e-06
2 328  2.1013896572405450e-04
2 1195  9.2754741669799469e-05
2 1231  8.0355594154880473e-06
2 1308  1.0298188502091241e-04
2 1310  6.2199578931377540e-06
2 2224  1.4769037293328778e-04
2 2347  1.4262198864120455e-04
2 2821  2.0497647742930727e-06
2 3004  1.2593295238336216e-04
2 3174  6.4165762740886218e-05
2 3313  1.2137662804147199e-04
2 3346  6.1848506628958828e-06
2 3347  2.0645499276321735e-04
2 3510  3.2058370363906151e-06
2 3511  2.8723373166908569e-06
2 3742  1.8612367162553028e-06
3 1  1.3846261284641571e-06
3 2  9.3159592482221616e-05
3 3  4.0617248733524714e-04
3 4  2.0615750227620011e-06
3 1129  6.7670011018446268e-05
3 1195  8.3950134441131141e-05
3 1310  1.6236744241979463e-06
3 2333  7.8484974293688902e-05
3 2347  7.4167054706111409e-05
3 3346  1.8866032806711979e-06
3 3510  3.3055975411342865e-06
3 3511  3.3200649648920169e-06
3 3742  4.4558955420891978e-06
4 1  5.1080691249454782e-06
4 2  1.5076854493397551e-06
4 3  2.0615750227620011e-06
4 4  3.0024109171360461e-05
4 132  6.1580705223255173e-06
4 1129  2.7166075303690687e-06
4 1157  4.0698445170907409e-06
4 1158  2.8793888294415108e-06
4 1192  4.7995986747196288e-06
4 1310  5.7239309418542792e-06
4 1870  4.7045273515197541e-06
4 2333  1.9706262984038422e-06
4 2347  3.3362394942691301e-06
5 5  9.3200513102158938e-04
5 6  1.5306633109932703e-06
5 7  8.3033016950786778e-05
5 8  2.7069068756504113e-05
5 42  1.4625823718909250e-04
5 76  4.8480388871907105e-06
5 77  2.2629427920298466e-04
5 198  4.4807843762032435e-06
5 532  4.4539289279604746e-06
5 535  2.8897191480306110e-06
5 536  9.0966089064121546e-06
5 890  9.2243403399493718e-05
5 1171  1.9049371462719685e-04
5 1287  5.6482621081470032e-05
5 1796  9.1935558764071057e-05
5 2942  2.5008769101693244e-06
5 2944  4.1484740210571314e-06
5 3462  2.5294286243583292e-06
6 5  1.5306633109932703e-06
6 6  6.3455259289952744e-05
6 7  1.1986584679344748e-06
6 8  1.9861637737994821e-06
6 76  7.3238201311861130e-06
6 79  7.6597886076918885e-06
6 348  1.5085284104689241e-05
6 1164  7.2180727031878738e-06
6 1166  7.6635678611475506e-06
6 1170  3.6513106791580877e-06
6 1798  3.8390734275269710e-06
6 1901  3.1082381707098593e-06
6 1949  4.5622419229822630e-06
6 3253  8.0041820398034549e-06
6 3461  1.0827386217002564e-05
6 3462  4.0321714746348459e-06
6 3464  7.4922660424811661e-06
7 5  8.3033016950786778e-05
7 6  1.1986584679344748e-06
7 7  3.4529619014604402e-04
7 8  7.1811618999682099e-05
7 76  1.8227161635345015e-06
7 535  2.4155236596125644e-06
7 536  1.7908300060888972e-06
7 1170  8.8847521563876423e-05
7 1171  9.9420683450270641e-05
8 5  2.7069068756504113e-05
8 6  1.9861637737994821e-06
8 7  7.1811618999682099e-05
8 8  3.4682384139194294e-04
8 76  1.1865126169554388e-06
8 535  1.4919761391744136e-06
8 1006  1.6046677305460679e-06
8 1020  4.7731311262767257e-05
8 1021  1.2105391116142283e-06
8 1022  9.9466130383334608e-05
8 1170  9.7364933365908107e-05
8 1901  1.5114117881821782e-06
9 9  1.3302950005358704e-03
9 10  1.2637622128768350e-04
9 11  8.7746608012707235e-05
9 12  7.0061212748053467e-06
9 13  9.1363013377807799e-06
9 100  1.1265507416982493e-04
9 1147  1.0185022419299957e-04
9 1159  1.1592617210456990e-04
9 1160  1.3237520109934085e-04
9 1289  1.1642975577406495e-04
9 1290  1.0845075488206035e-04
9 1419  1.4883527877329454e-04
9 1486  1.4000010835014672e-06
9 1784  8.4704361502951405e-06
9 1853  2.6174930846026714e-06
9 1994  1.0310471495553340e-04
9 2095  5.9033413020053185e-05
9 2116  1.0725314419290203e-04
10 9  1.2637622128768350e-04
10 10  7.3286468177704493e-04
10 11  1.2547249536066154e-04
10 12  2.4824289045484805e-06
10 400  1.2784717572508294e-06
10 790  7.4162686500439822e-06
10 998  4.9462289901991998e-06
10 1159  1.7713864235487127e-06
10 1160  6.3195542589373244e-06
10 1275  1.1500541877187129e-06
10 1276  1.1440435196373295e-04
10 1375  7.8389521296720903e-06
10 1376  6.9795969408927934e-06
10 1394  1.4998513492555725e-06
10 1637  1.1362797322642675e-04
10 1994  1.1437468877513297e-04
10 2092  6.4938264843653333e-06
10 2366  1.1106709308992891e-04
11 9  8.7746608012707235e-05
11 10  1.2547249536066154e-04
11 11  3.8801425197441383e-04
11 12  4.4529118592744091e-06
11 13  5.1802770491588528e-06
11 15  4.7368728143656779e-06
11 1160  9.1614748047871684e-07
11 1394  2.0503820935625752e-06
11 1419  6.5022247866963840e-05
11 1637  1.0112265751147979e-04
12 9  7.0061212748053467e-06
12 10  2.4824289045484805e-06
12 11  4.4529118592744091e-06
12 12  4.4324891471776035e-05
12 13  8.6105267440685584e-06
12 14  6.0941264751514175e-06
12 15  5.1124754565752773e-06
12 400  3.0050984657738418e-06
12 402  3.2589063456011256e-06
12 403  3.6936296226864268e-06
12 1136  2.9604377410557556e-06
12 1275  1.2108623738480078e-06
12 1394  2.0508222635130215e-06
12 1784  6.3283397900686382e-06
12 1853  5.1841843707693440e-06
12 1994  2.8271724309293514e-06
12 2095  2.2092930889950474e-06
13 9  9.1363013377807799e-06
13 11  5.1802770491588528e-06
13 12  8.6105267440685584e-06
13 13  1.5417358468413259e-04
13 14  7.2222129641961814e-06
13 15  1.4206376838134669e-05
13 349  1.8867017361460774e-05
13 1162  8.6600804958693984e-06
13 1288  8.6306441004064779e-06
13 1289  4.7176426354192670e-06
13 1290  6.3945286542391279e-06
13 1328  1.6292817274712535e-05
13 1374  4.6880278566651107e-06
13 1377  1.2932228266656539e-05
13 1419  1.0969361522900598e-05
13 1761  9.6961935253188509e-06
13 1784  2.0357916335278125e-05
13 2116  9.1820324408275947e-06
13 2188  1.5867078896070255e-05
13 2291  5.6801467054899463e-06
13 3152  8.9592760118828203e-06
13 3153  1.2524976088063094e-05
13 3714  1.2484713921599282e-05
14 12  6.0941264751514175e-06
14 13  7.2222129641961814e-06
14 14  3.5487766248388762e-05
14 15  6.0208571244102241e-06
14 402  2.3570793387629447e-06
14 537  2.2456648642062152e-06
14 538  3.7690243178337822e-06
14 1135  2.3988318286705550e-06
14 1136  2.6884209895764103e-06
14 1775  1.4300847348207078e-06
14 1784  7.0858302626814074e-06
14 1785  2.6623297003987167e-06
14 1853  3.4048566011156486e-06
14 2188  5.8523301707589337e-06
15 11  4.7368728143656779e-06
15 12  5.1124754565752773e-06
15 13  1.4206376838134669e-05
15 14  6.0208571244102241e-06
15 15  7.0373914998458076e-05
15 264  9.4384535319165934e-06
15 349  1.5340969730500461e-05
15 351  5.0915467071238646e-06
15 537  2.4161768036134116e-06
15 538  2.7479477678123818e-06
15 652  2.0375760796732539e-06
15 937  3.4736751939898838e-06
15 1136  2.7614924092502000e-06
15 1277  3.6013847112421981e-06
15 1394  4.4520369895659384e-06
15 1419  1.1718864402946958e-05
15 1974  4.9581226929259745e-06
15 2188  7.4460432436401424e-06
16 16  5.0000000000000000e-01
17 17  5.0000000000000000e-01
18 18  1.0000000000000000e+00
19 16  1.2490577812182597e-05
19 17  1.0376644245653628e-05
19 18  9.6945716312067612e-06
19 19  8.6492768905242236e-05
19 191  1.2309324876769099e-05
19 319  5.2005802189339113e-06
19 543  1.3461893630491392e-05
19 544  1.2394314607489285e-05
19 545  5.0922540023705932e-06
19 1827  1.5389257439710840e-05
19 4369  1.0709012978631003e-05
19 4370  1.3742290142557825e-05
19 4854  8.8784317718663992e-06
20 20  4.3836562480495576e-05
20 21  4.9695684221099930e-06
20 22  2.9552207609485533e-06
20 23  6.9563948994329916e-06
20 213  1.9932643782128875e-06
20 250  4.2109165535881509e-06
20 251  6.0302168287440837e-06
20 252  4.6999030401466872e-06
20 1040  6.4838548657240149e-06
20 1514  4.1337144087538005e-06
20 1562  5.2039376825755499e-06
20 1782  3.1841874210131755e-06
20 2031  1.3676097885880952e-06
20 2278  2.7496632136075814e-06
20 2283  2.0526941295301012e-06
20 2284  3.8457738230173846e-06
20 2361  4.9179235047503133e-06
21 20  4.9695684221099930e-06
21 21  3.7891402149960400e-05
21 22  6.1311220337791096e-06
21 23  2.5641850071777629e-06
21 213  6.4973422280791373e-06
21 673  3.7654412190566742e-06
21 675  3.0685513845117019e-06
21 676  5.3431508133514934e-06
21 1040  5.9157891158574021e-06
21 1344  6.0453012002376805e-06
21 1514  2.2876785704112037e-06
21 1562  1.9806040548837186e-06
21 1782  5.6444681128847406e-06
21 2283  2.6239010625999782e-06
22 20  2.9552207609485533e-06
22 21  6.1311220337791096e-06
22 22  5.7774417501213803e-05
22 23  5.2331322233802911e-06
22 68  4.2698049765515976e-06
22 69  3.9831059657112963e-06
22 70  7.0110302219784744e-06
22 188  1.4961523529443089e-06
22 552  4.1244952891412557e-06
22 675  4.6819931291754106e-06
22 676  7.9989095086340947e-06
22 1253  3.7322923223022795e-06
22 1344  6.2810693882946881e-06
22 1477  6.2410247180376838e-06
22 1782  8.3843633674281857e-06
22 1997  4.9707786378070727e-06
22 2283  2.9071555280705679e-06
22 2284  2.8163688986449718e-06
22 2364  3.4436069289908554e-06
23 20  6.9563948994329916e-06
23 21  2.5641850071777629e-06
23 22  5.2331322233802911e-06
23 23  6.2248199590605197e-05
23 68  4.2427532499154745e-06
23 250  9.1542004267772366e-06
23 252  4.0111437054505708e-06
23 338  1.1599312013678344e-05
23 1040  3.9936238965676023e-06
23 1080  4.3547537346079125e-06
23 1142  5.1752940776699978e-06
23 1219  5.4481359872833755e-06
23 1782  1.1935930743974094e-05
23 1839  2.7339257405757664e-06
23 1997  6.4689574591978180e-06
23 2278  3.2783483605906019e-06
23 2284  3.7242367699768544e-06
23 2364  2.4979710896511131e-06
24 24  1.3360702879902113e-04
24 25  1.4354284615815230e-05
24 26  1.1849289609891855e-05
24 27  7.2830347449586933e-06
24 387  1.6797181662026020e-05
24 610  1.0726174043642276e-05
24 882  2.5668986867468630e-05
24 1074  1.5879463122295269e-05
24 1335  1.1649085585323327e-05
24 1336  6.2314800283841688e-06
24 1464  1.1887105125323221e-05
24 1476  2.0063256912760672e-05
24 1527  1.1349859796485274e-05
24 2069  3.8124681887467008e-06
24 2270  6.4718029231383232e-06
24 2274  1.4893637737548691e-05
24 2293  1.1493432234723324e-05
25 24  1.4354284615815230e-05
25 25  2.2871536775543840e-04
25 26  1.2538164896108186e-05
25 27  8.8356478289018504e-06
25 232  1.5993931722508724e-05
25 387  2.9256961590836859e-05
25 655  8.3816089898293747e-06
25 656  3.7993479638452548e-06
25 690  2.8309210044619911e-05
25 861  2.9821770715020688e-05
25 863  1.7837585798802965e-05
25 864  2.0274122888359651e-05
25 882  2.7250932117561632e-05
25 905  2.0645319024402818e-05
25 1010  3.4024646984045451e-05
25 1034  1.4550732951037924e-05
25 1262  4.1673140693660612e-05
25 1409  1.1025291800978092e-05
25 1527  4.5003510068224415e-06
26 24  1.1849289609891855e-05
26 25  1.2538164896108186e-05
26 26  8.6592524991956226e-05
26 27  7.3248842836671534e-06
26 610  9.3816739707504184e-06
26 653  5.7186442880233954e-06
26 655  8.1282486234774295e-06
26 863  1.1368497483088275e-05
26 882  1.7264156496724003e-05
26 973  2.6377643139949342e-06
26 1464  1.5371589653096660e-05
26 1669  3.8656501118997837e-06
26 1811  4.2908233800267215e-06
26 1936  2.4839689235410595e-06
26 2141  1.9834782724906198e-06
26 2142  3.1084960915697358e-06
26 2161  5.9745135680507053e-06
26 2169  2.1776838676710377e-06
26 2170  4.4212596538623350e-06
27 24  7.2830347449586933e-06
27 25  8.8356478289018504e-06
27 26  7.3248842836671534e-06
27 27  5.1394862826988462e-05
27 387  3.7920731801027936e-06
27 655  7.3062158945360387e-06
27 1034  3.5204412412034495e-06
27 1399  3.1856286952356506e-06
27 1400  7.2402116921579490e-06
27 1409  6.5629394856654133e-06
27 1464  9.1997511294075919e-06
27 1527  8.2658634122838227e-06
27 2069  2.9529667572369248e-06
27 2295  1.6226358951253861e-06
28 28  6.5617917085171467e-05
28 29  9.4831951520145896e-06
28 30  8.1850353750246331e-06
28 31  7.9148441786666073e-06
28 380  8.9815501198616202e-06
28 724  1.1828244832070251e-05
28 1393  9.5620454633891426e-06
28 1538  1.2391721568047282e-05
28 1975  4.8201978694576475e-06
28 1993  4.0012762679538410e-06
28 2351  3.1825931437834327e-06
28 2403  2.3160192363979634e-06
28 4050  2.4141374478330407e-06
28 4313  2.6045817683717479e-06
28 4314  2.4310073808593160e-06
28 4315  1.7008562853949893e-06
28 4466  3.3191176053647666e-06
28 4821  3.2904519332663179e-06
29 28  9.4831951520145896e-06
29 29  2.7282634673759469e+02
29 30  2.8013267301329606e+01
29 31  6.2212457158568252e-06
29 1393  8.5116409328002435e-06
29 1538  3.8902931896127903e+01
29 1687  5.1966827198111247e+01
29 2417  3.4205223910425289e+01
29 4313  3.3526265669296101e-06
29 4466  1.0030927721408591e-05
29 4821  9.4044051196838238e-06
29 4937  4.0674361435228320e+01
29 4973  4.4418412002388010e+01
29 5067  3.4645304432913804e+01
30 28  8.1850353750246331e-06
30 29  2.8013267301329606e+01
30 30  1.6214323206336456e+02
30 31  8.7146345319670003e-06
30 36  1.2127726442215404e-05
30 212  3.5135679911025235e+01
30 724  1.3134168828683979e-05
30 1538  3.3518470145741340e+01
30 2317  3.8835149292156359e+01
30 2417  2.6640647879074368e+01
31 28  7.9148441786666073e-06
31 29  6.2212457158568252e-06
31 30  8.7146345319670003e-06
31 31  6.2150586306965061e-05
31 36  1.1235949916442092e-05
31 724  7.7923897750954792e-06
31 1800  6.4350417771580450e-06
31 1801  4.6022048692676153e-06
31 1993  6.4730684483010421e-06
31 2332  2.6277842479063886e-06
31 2417  9.9086041634162670e-06
31 4226  2.6180141172863383e-06
31 4314  2.5080665829741267e-06
31 4329  2.9963605725037872e-06
31 4330  3.0746417042366558e-06
31 4359  1.8478945973125299e-06
31 4821  6.4088069800712091e-06
31 4937  1.8463272819855887e-06
32 32  1.2806243591320876e-04
32 33  4.1713023585429799e-06
32 34  4.1804889504072873e-06
32 35  5.2916681340771142e-06
32 101  1.6554745870726562e-05
32 102  1.0541656357372415e-05
32 475  1.0374190477326985e-05
32 739  1.7485648746000184e-05
32 740  5.6770616195318783e-06
32 741  3.0551375351707090e-06
32 1156  7.4660625473304565e-06
32 1209  4.5245933582463050e-06
32 1328  1.8495709703539055e-05
32 1329  6.2765330156435146e-06
32 1435  9.1886332293577000e-06
32 1622  3.4151400085040473e-06
32 1763  5.5557190324683716e-06
32 1828  3.3044090090817692e-06
32 2734  9.1457250143091948e-06
32 3259  1.0271150593141956e-05
32 3437  1.3947971532113487e-05
32 3566  7.4837414624290720e-06
32 3629  8.0041437431078418e-06
32 3874  7.6822215713842348e-06
33 32  4.1713023585429799e-06
33 33  7.7596691919438337e-04
33 34  1.3813413187295829e-04
33 35  1.3234111174100231e-04
33 196  3.3146750602696114e-06
33 1209  1.8895255998947485e-06
33 1255  3.1356639859569308e-06
33 1329  1.4982589774350998e-04
33 1622  1.3953746232878703e-04
33 1657  1.9251431277374204e-06
33 1828  1.1464011679352738e-04
33 1862  1.1980377204857919e-06
33 2057  9.6314938849422128e-05
34 32  4.1804889504072873e-06
34 33  1.3813413187295829e-04
34 34  8.4481113762519184e-04
34 35  1.5506567518026729e-04
34 475  1.3432642554726771e-04
34 740  1.2314761249192794e-04
34 1032  1.4118186113904704e-06
34 1156  1.6041417920594349e-04
34 1255  4.7846263704156234e-06
34 1828  1.3274530713095693e-04
35 32  5.2916681340771142e-06
35 33  1.3234111174100231e-04
35 34  1.5506567518026729e-04
35 35  9.1246417158638462e-04
35 195  4.8097750639301073e-06
35 196  3.0814258425356016e-06
35 767  6.1688506930926401e-06
35 1156  1.6985455546956882e-04
35 1255  3.7377244931482816e-06
35 1328  5.4905283145954288e-06
35 1329  1.3588478368884544e-04
35 1333  7.3684172159877598e-06
35 1492  1.5542494863563742e-04
35 1702  1.4896429176785290e-04
36 30  1.2127726442215404e-05
36 31  1.1235949916442092e-05
36 36  1.1776486220116454e-04
36 37  5.0121501924507763e-06
36 38  4.7234509635724984e-06
36 39  1.5344836756440725e-06
36 212  2.1035042962676166e-05
36 213  1.0189216426396551e-05
36 676  4.2814903682454399e-06
36 724  1.2673126888951188e-05
36 725  1.2919582324827714e-05
36 1163  1.9457628668212313e-06
36 1343  1.4266207213788715e-05
36 1344  1.3273296629848166e-05
36 1795  3.6865606958412996e-06
36 1800  9.6825828991399275e-06
36 1801  5.7368248643202355e-06
36 1993  4.6403640302822109e-06
36 2317  1.5033564351320379e-05
36 2332  4.7463651493338924e-06
36 2417  7.9035444396289073e-06
37 36  5.0121501924507763e-06
37 37  2.8884534049518523e-05
37 38  1.7381412585274251e-06
37 39  3.1834434744273500e-06
37 724  4.8934386186820027e-06
37 725  3.1766855707520377e-06
37 837  2.2345719815086518e-06
37 1126  2.8309240019729025e-06
37 1794  1.8712614179682390e-06
37 1795  3.5042647952520752e-06
37 1866  3.0448637479572905e-06
37 1903  1.6196370053568472e-06
37 1904  2.0007963401086898e-06
37 2140  2.6235635205938577e-06
37 2332  2.2763462116983153e-06
37 2351  3.3167129370213247e-06
38 36  4.7234509635724984e-06
38 37  1.7381412585274251e-06
38 38  2.5050321329365991e-05
38 39  2.7856245105971813e-06
38 213  3.3033298571469564e-06
38 674  3.1542602102999207e-06
38 676  4.3941164362690133e-06
38 725  2.5462060341855878e-06
38 837  1.2412809892018116e-06
38 839  1.3620272082725530e-06
38 1163  3.0142323978632151e-06
38 1454  2.2889696670272366e-06
38 1455  2.7429151515278278e-06
38 1801  1.3393135508540611e-06
38 2332  2.9416137587037040e-06
39 36  1.5344836756440725e-06
39 37  3.1834434744273500e-06
39 38  2.7856245105971813e-06
39 39  1.9447683795931416e-05
39 725  3.2191114165892496e-06
39 837  1.8273357317151482e-06
39 838  2.9436267405000562e-06
39 839  1.2285713005049355e-06
39 1126  2.2988561764547817e-06
39 1454  1.6700729797008262e-06
39 1455  3.9122822881570847e-06
39 1866  2.8173775237801125e-06
39 1904  1.7507398758263286e-06
40 40  7.5091818542126639e-04
40 41  1.5290825488831197e-04
40 42  1.2626661358013802e-04
40 43  8.4733962736547408e-06
40 77  1.3842733533584605e-04
40 327  1.6280678094813983e-04
40 330  1.5658326883733991e-04
40 534  5.7558571773723119e-06
40 2943  5.1063280066310343e-06
40 3097  4.7472275724130680e-06
40 3109  4.9760646781874540e-06
40 3484  3.7948269081930442e-06
41 40  1.5290825488831197e-04
41 41  7.4611610854714155e-04
41 42  1.2054215247481909e-04
41 43  5.6784022784875671e-06
41 327  1.7886203206993653e-04
41 532  3.2891013403667587e-06
41 534  5.4430316497203881e-06
41 890  9.1173236894486913e-05
41 1287  1.2588382006371707e-04
41 1796  6.9314710363340464e-05
41 2942  2.2592803072546837e-06
41 2943  3.0495910211758999e-06
42 5  1.4625823718909250e-04
42 40  1.2626661358013802e-04
42 41  1.2054215247481909e-04
42 42  6.6446552269184016e-04
42 43  5.0166139509336357e-06
42 76  2.4567747377236894e-06
42 77  1.5327016275687265e-04
42 532  3.0042729912085121e-06
42 536  3.7449332791616046e-06
42 890  1.1022512994668832e-04
42 2943  3.2132934690787920e-06
42 2944  3.9025854185606883e-06
43 40  8.4733962736547408e-06
43 41  5.6784022784875671e-06
43 42  5.0166139509336357e-06
43 43  1.4683560526041132e-04
43 77  1.0685219975193895e-05
43 197  1.2217492290491085e-05
43 198  7.8427350709731289e-06
43 199  1.6996154311297685e-05
43 330  2.3372100355202846e-05
43 532  6.9206932683864031e-06
43 533  1.2222535466374148e-05
43 534  2.2962504674596392e-05
43 536  7.3347962323252576e-06
43 1091  5.7084588584161254e-06
43 1330  1.1998299947946237e-05
43 1418  1.3321883771978080e-05
43 1719  1.4299903477569356e-05
43 1849  2.1630743089143802e-06
43 2111  3.3039143377876053e-05
44 44  4.5466403711150980e-04
44 45  9.3627680559068779e-05
44 46  1.8277818827746244e-06
44 47  1.2303189499492041e-06
44 150  9.1094028908173658e-05
44 151  2.3365838138746372e-06
44 152  1.5303008093314371e-06
44 153  2.6863217852899391e-06
44 1204  8.9939468152985542e-05
44 1205  8.6969334569454850e-05
44 1206  2.3247889139464857e-06
44 1580  8.8292808179374295e-05
45 44  9.3627680559068779e-05
45 45  7.4982379597160194e-04
45 46  4.0989171069836211e-06
45 47  1.7077868024563921e-06
45 152  2.5016347307509395e-06
45 153  2.0268664284294400e-06
45 291  1.0901116482462712e-04
45 797  3.5385781607539888e-06
45 997  3.8613787836779116e-06
45 1087  1.2538704246918821e-04
45 1205  1.0607570895702547e-04
45 1580  1.0620357976235706e-04
45 2077  9.0174964989783116e-05
45 2156  4.9138465631953951e-06
45 2201  3.7074608895212247e-06
45 2393  1.0689663949104271e-04
46 44  1.8277818827746244e-06
46 45  4.0989171069836211e-06
46 46  4.9112213368795627e-05
46 47  3.3116663898158256e-06
46 68  4.6652261967668193e-06
46 69  3.3268580346333150e-06
46 110  3.0975820633234315e-06
46 150  2.1398558530044485e-06
46 190  5.5446669188336296e-06
46 423  2.6508551036824716e-06
46 425  4.0795477036334201e-06
46 825  1.6936143649226590e-06
46 891  7.6997967687983646e-06
46 994  4.3048007219542328e-06
46 997  3.0259366912938013e-06
46 1204  1.8517095511364083e-06
46 1580  3.1359222936509925e-06
46 1720  5.8624534670622299e-06
46 1977  1.7916142664805898e-06
46 2156  2.8626690127262456e-06
46 2201  6.6968456617163158e-06
47 44  1.2303189499492041e-06
47 45  1.7077868024563921e-06
47 46  3.3116663898158256e-06
47 47  2.4332917057470046e-05
47 109  3.7817301852413826e-06
47 110  2.5596258475260814e-06
47 425  4.2001985988275201e-06
47 516  2.8291567501661133e-06
47 891  1.4366248444544451e-06
47 1183  1.9878564270704474e-06
47 1203  3.5348973705792526e-06
47 1204  1.8956219573689117e-06
47 1205  2.2601193160859238e-06
47 2070  3.2480622587127498e-06
47 2156  2.5157098879508274e-06
48 48  1.3281335808514418e-03
48 49  1.6329429968830276e-04
48 50  6.4269341290117292e-05
48 51  1.3456296672324480e-05
48 127  2.2224886812124322e-04
48 684  1.3723642561470388e-04
48 685  6.2289848970309698e-06
48 700  1.3139507960464673e-05
48 743  7.0847422434183995e-05
48 1614  9.7149031120819498e-06
48 1677  1.2619653804041820e-04
48 2277  9.4102448496186346e-07
48 4023  1.3427838161296558e-04
48 4025  1.1854522956212369e-04
48 4220  1.5742458108174417e-04
48 4317  1.0929593021600495e-04
48 4714  2.4547846607332667e-06
48 4715  1.8063716416166007e-06
48 4738  2.9231801164582733e-06
48 4820  2.8142212452225104e-06
49 48  1.6329429968830276e-04
49 49  7.5630119140331043e-04
49 50  6.4565902699633538e-05
49 51  4.7082909822585754e-06
49 127  2.0574783413859966e-04
49 128  4.1474949387261984e-06
49 486  1.1434689493872089e-06
49 1604  1.3474502088760702e-04
49 2198  1.0435096727821930e-04
49 2277  1.9289043398960012e-06
49 2402  7.5141524537216807e-05
49 4404  2.9615460336675724e-06
49 4820  2.4435776345861305e-06
49 4904  2.0974355046002250e-06
49 5030  1.8659986603875627e-06
50 48  6.4269341290117292e-05
50 49  6.4565902699633538e-05
50 50  3.4974682659722595e-04
50 51  1.2520278533234702e-06
50 742  7.4789047290358361e-05
50 743  7.1635198810324880e-05
50 2277  1.9148579849661632e-06
50 2402  7.1994427927346555e-05
50 4714  1.5568508036726236e-06
50 4820  1.0481060309921958e-06
50 5030  1.4440572158762592e-06
51 48  1.3456296672324480e-05
51 49  4.7082909822585754e-06
51 50  1.2520278533234702e-06
51 51  1.2766563639417572e-04
51 127  8.3169684349153629e-06
51 128  8.4379149268550394e-06
51 486  6.3113150634525563e-06
51 685  1.9903981485442543e-05
51 700  1.7669982221809153e-05
51 743  3.9024670165092312e-06
51 744  7.2158533960928701e-06
51 1062  1.6298174275358696e-05
51 1063  2.2896046649468582e-05
51 1595  1.9533231951015734e-05
51 1614  1.6993903234014985e-05
51 1677  1.6746792315538604e-06
51 1960  4.0614272694600714e-06
51 2126  1.4684017556126326e-05
51 2277  4.1818763712821133e-06
52 52  2.0058784820286554e-04
52 53  9.8704999050245332e-06
52 54  2.0289726287845358e-05
52 55  2.2853930791247344e-05
52 71  1.6004445757601076e-05
52 753  1.2859397427342372e-05
52 1059  1.1294529356877294e-05
52 1060  2.8022798149749943e-05
52 1061  1.9619467223227856e-05
52 1062  2.6710908597237931e-05
52 1234  1.8163170071648552e-05
52 1405  1.3380884249471334e-05
52 1433  1.8582850622432821e-05
52 1476  1.7525726535603000e-05
52 1659  1.5431981389115652e-05
52 1660  9.3992953991015447e-06
52 1899  1.7895108128509084e-05
52 1900  8.4272170649744178e-06
52 2228  1.4549835347288089e-05
53 52  9.8704999050245332e-06
53 53  1.1163915586744855e-04
53 54  1.1681028458952396e-05
53 55  1.5406403926011306e-05
53 71  2.3385234790817279e-05
53 566  8.4366716327020417e-06
53 773  6.8817374334337167e-06
53 840  5.9173079133109791e-06
53 865  5.9144826983310582e-06
53 883  1.5759173411775451e-05
53 1060  5.7102515317181474e-06
53 1227  1.7639488500657163e-06
53 1476  8.3209907191420037e-06
53 1519  1.1945314115325756e-05
53 1521  5.4007448882508598e-06
53 1522  3.3632398157776122e-06
53 1712  8.7392702736896157e-06
53 2044  8.8210338078611710e-06
53 2197  4.7016065946997382e-06
53 2346  5.4397930342834171e-06
54 52  2.0289726287845358e-05
54 53  1.1681028458952396e-05
54 54  9.1752109333444328e-05
54 55  9.9407968990480874e-06
54 71  1.0426852926732517e-05
54 753  8.0193844417667143e-06
54 771  2.5793913599008084e-06
54 772  5.6565544558264965e-06
54 773  7.7021179192921762e-06
54 1058  7.9285764630627495e-06
54 1060  1.6333666028426446e-05
54 1061  1.1157459741579081e-05
54 1712  9.1190701998068612e-06
54 1979  4.8304011108987311e-06
54 1980  4.0617203689755539e-06
54 2223  6.0110318944044426e-06
54 2301  1.8903854436480331e-06
55 52  2.2853930791247344e-05
55 53  1.5406403926011306e-05
55 54  9.9407968990480874e-06
55 55  1.2472295313019585e-04
55 71  7.2257164017544038e-06
55 245  3.7484606297091512e-06
55 610  1.5647328027575037e-05
55 611  4.1322770881989148e-06
55 753  9.5168798435618854e-06
55 754  4.5340481053769200e-06
55 773  4.3033304994061698e-06
55 865  1.3793433934467242e-05
55 883  8.8485785506474472e-06
55 1234  1.4385269096573658e-05
55 1405  1.2477412029557267e-05
55 1420  4.9547810174030552e-06
55 1421  2.8393498744111247e-06
55 1476  2.5052167812832376e-05
55 1979  3.3548736946592639e-06
55 2346  4.0693914728530612e-06
56 56  8.1397603505406859e-04
56 57  1.0570796194473570e-04
56 58  1.1839526771696791e-04
56 59  6.3612889164225437e-06
56 238  1.0926812823564900e-04
56 340  2.6162216667840972e-06
56 571  1.2549117252653986e-04
56 572  2.3003962097720842e-06
56 573  2.8267680535829940e-06
56 757  2.4324040107863919e-06
56 758  1.3132823439378764e-04
56 759  2.7973720023681963e-06
56 1294  1.1560503840557172e-04
56 1529  4.0575146892854661e-06
56 1574  4.5873724495545853e-06
56 2087  1.9019511107035143e-06
56 2335  9.3666860223752061e-05
57 56  1.0570796194473570e-04
57 57  6.9542496809011679e-04
57 58  1.0394607528376750e-04
57 59  1.2747719097945056e-06
57 571  1.1673122560088525e-04
57 573  3.0462472195354841e-06
57 577  3.7525435613422233e-06
57 1574  2.2782397428766097e-06
57 1845  1.2518965337248635e-04
57 2087  3.2803249927490721e-06
57 2088  1.2464581790982344e-04
57 2133  1.1549663822436322e-04
58 56  1.1839526771696791e-04
58 57  1.0394607528376750e-04
58 58  6.4896934938651701e-04
58 59  3.2053362684301448e-06
58 137  1.0036251030774243e-04
58 573  2.7805364149217798e-06
58 758  1.2203307062058126e-04
58 759  2.4646705501466371e-06
58 1267  1.1153558768099056e-06
58 1576  9.6607269317727359e-05
58 1845  1.0467847665309951e-04
58 2087  1.3790384475025642e-06
59 56  6.3612889164225437e-06
59 57  1.2747719097945056e-06
59 58  3.2053362684301448e-06
59 59  5.9595443690047764e-05
59 340  2.5199832896097903e-06
59 757  3.1001584271825805e-06
59 759  4.5772325631287046e-06
59 889  3.1025877522494993e-06
59 923  3.6973588041383531e-06
59 924  1.5528779412961040e-06
59 925  7.1209776120767037e-06
59 1529  3.6016554173459652e-06
59 1574  4.9738865518327358e-06
59 1576  2.5837561697987325e-06
59 1686  6.2694422815710586e-06
59 1845  5.4819135167106897e-06
59 1846  6.7346777259444295e-06
59 2022  7.9728312649907482e-06
59 2087  5.8841723778591053e-06
59 2168  4.3126289194162409e-06
59 2436  5.0656278252729842e-06
60 60  1.1681631735652839e-04
60 61  6.3693791156649438e-06
60 62  1.9677928743011782e-05
60 63  1.3850405018400199e-05
60 458  6.5627348389115288e-06
60 860  2.8595153760007778e-05
60 901  3.6073190026003535e-06
60 1081  1.0378082714515753e-05
60 1082  3.7934421896302929e-06
60 1154  7.5325487882514492e-06
60 1263  2.7886556671834836e-05
60 1495  1.6329324554649661e-05
60 1513  8.3056217534397687e-06
60 2139  7.3544275150863264e-06
60 2344  1.4981551368787901e-05
61 60  6.3693791156649438e-06
61 61  4.3630561068012777e-05
61 62  9.4879556697303369e-06
61 63  5.7405738154139011e-06
61 815  4.2725204337659923e-06
61 901  3.9524526660490710e-06
61 902  5.3568507135261436e-06
61 903  4.1121387476888538e-06
61 1082  3.7940120686905052e-06
61 1103  3.8610333159653505e-06
61 1153  5.5277902961251417e-06
61 1154  4.2637379272891114e-06
61 1656  6.2387649563365167e-06
61 1886  2.4686318757732954e-06
62 60  1.9677928743011782e-05
62 61  9.4879556697303369e-06
62 62  1.1667433824094792e-04
62 63  9.7392038401071601e-06
62 231  1.0943813532370781e-05
62 360  5.2830891486569531e-06
62 814  6.7666902492046809e-06
62 815  6.8952647151522515e-06
62 817  2.5366751055202121e-06
62 860  2.5970232526660413e-05
62 932  1.0573081969784203e-05
62 1081  7.1567397449614499e-06
62 1082  1.1084659424498334e-05
62 1103  4.2196587232963403e-06
62 1153  3.5762044162558324e-06
62 1263  1.6058118264737062e-05
62 1300  8.1981060759466021e-06
62 1656  7.5939870765063162e-06
62 2030  7.9216150286361679e-06
62 2211  1.3284831063850620e-06
63 60  1.3850405018400199e-05
63 61  5.7405738154139011e-06
63 62  9.7392038401071601e-06
63 63  8.0605818482380699e-05
63 231  5.6858650793995286e-06
63 360  4.3822499567995751e-06
63 1152  9.1745077325284356e-06
63 1153  4.2510822952014927e-06
63 1154  6.6403857840356636e-06
63 1263  1.6742699687421256e-05
63 1264  1.2672682399462900e-05
63 1365  4.9016147770573674e-06
63 1513  1.3098665325479449e-05
63 1551  1.4824156099710459e-06
63 2139  1.2546376402293091e-05
64 64  7.1218195711824132e-04
64 65  1.4038814561977494e-04
64 66  3.0839003826875681e-06
64 67  1.7865712383854528e-06
64 895  2.8735219533451634e-06
64 1051  1.3355959238124432e-04
64 1052  1.4466810021336758e-04
64 1053  2.7660011995386741e-06
64 2166  1.3979154401664291e-04
64 2279  1.5136081962316975e-04
65 64  1.4038814561977494e-04
65 65  1.0268661207892070e-03
65 66  2.9497478140573635e-06
65 67  4.5190524648916072e-06
65 200  8.8385534960554060e-05
65 201  1.5884442502537623e-06
65 408  1.1824981700066192e-04
65 895  5.4936289375304989e-06
65 985  1.4684903726660999e-04
65 1000  1.4280664792319184e-04
65 1482  4.0234961996574830e-06
65 1724  1.0542985625216567e-04
65 2048  3.3102400325552221e-06
65 2166  1.4053470514530472e-04
65 2279  1.3681665380060895e-04
66 64  3.0839003826875681e-06
66 65  2.9497478140573635e-06
66 66  3.7121807277754125e-05
66 67  4.7206421080345039e-06
66 201  3.4812916911157441e-06
66 408  4.3447466840538031e-06
66 639  5.7437944618961008e-06
66 640  5.0171090264065463e-06
66 1053  5.9635037187424581e-06
66 1937  4.0066158729159915e-06
66 1938  4.7945876674485176e-06
66 2166  1.9896184115997980e-06
66 2225  6.2565176016216196e-06
66 2279  3.3306354760511683e-06
67 64  1.7865712383854528e-06
67 65  4.5190524648916072e-06
67 66  4.7206421080345039e-06
67 67  4.1835535352145239e-05
67 200  8.2558627558933001e-07
67 201  3.1140705938813449e-06
67 202  4.0976412934958278e-06
67 915  4.2319301141956263e-06
67 985  3.6825806255620864e-06
67 1000  2.9867081348153054e-06
67 1001  2.9190807751837909e-06
67 1053  3.8561760020132311e-06
67 1550  1.8032108356199169e-06
67 1724  2.3760601478567585e-06
67 1937  5.4654322698301824e-06
67 1938  4.7334746703079019e-06
67 2127  3.9183119544680884e-06
67 2148  3.5963265291282554e-06
67 2166  4.1204469949586342e-06
68 22  4.2698049765515976e-06
68 23  4.2427532499154745e-06
68 46  4.6652261967668193e-06
68 68  1.4220224673338960e-04
68 69  5.6504542838761444e-06
68 70  1.1936251874350352e-05
68 190  3.7839908470533707e-06
68 338  9.4794157502548747e-06
68 891  1.2568075044473142e-05
68 1064  2.2683554688254126e-05
68 1065  1.5570977510436563e-05
68 1219  1.2713261968289589e-05
68 1345  1.7867543552966814e-05
68 1477  1.7158867529260090e-05
68 1720  1.2335970081009950e-05
68 1782  2.0722425811137339e-05
68 1906  2.0063826529298543e-05
68 1997  7.3258149748107847e-06
68 2219  1.0265155231378847e-05
69 22  3.9831059657112963e-06
69 46  3.3268580346333150e-06
69 68  5.6504542838761444e-06
69 69  3.0516170705793943e-05
69 70  6.1817157099088187e-06
69 108  1.8709542344085364e-06
69 110  4.1286933963566671e-06
69 188  2.6157370478763763e-06
69 190  3.3903107366903915e-06
69 551  3.7270258482672946e-06
69 552  2.8576841070275411e-06
69 825  1.3183154694686710e-06
69 891  4.1748527404792450e-06
69 1997  2.5485484839866185e-06
70 22  7.0110302219784744e-06
70 68  1.1936251874350352e-05
70 69  6.1817157099088187e-06
70 70  8.1521633186954984e-05
70 108  4.2960715319550640e-06
70 110  4.8418066074515396e-06
70 111  9.1624576249186330e-06
70 550  3.6120747234617249e-06
70 551  2.5962519707642855e-06
70 552  4.2922923838730110e-06
70 676  4.6946866584847229e-06
70 891  7.7068780891946010e-06
70 1229  4.9842769526323348e-06
70 1253  4.3408491443158370e-06
70 1453  3.4773564667918193e-06
70 1455  7.0687217479033488e-06
70 1477  1.2594589253882689e-05
70 1782  4.5750213197305043e-06
70 2219  1.0900984361015961e-05
70 2234  8.0091331378187348e-06
71 52  1.6004445757601076e-05
71 53  2.3385234790817279e-05
71 54  1.0426852926732517e-05
71 55  7.2257164017544038e-06
71 71  3.6165471866399603e-04
71 158  3.9114073239150013e-05
71 566  3.7650237125067812e-05
71 721  4.0511743345552415e-05
71 723  6.8942978733783369e-05
71 840  3.3068085675552504e-05
71 882  1.1164828931257060e-05
71 883  2.8174633903430932e-05
71 884  3.4741852112466293e-05
71 1060  3.7141974381985561e-05
71 1074  5.4413625054959494e-05
71 1433  1.7239188707770810e-05
71 1476  3.1308107359254955e-05
71 1519  6.4787601925291255e-06
71 1712  7.3968538433481439e-06
71 1753  3.8092885512980136e-05
72 72  1.1125989311364641e-04
72 73  9.9625641711650112e-06
72 74  8.9081241706986901e-06
72 75  8.0615333245159989e-06
72 184  6.6283303143383882e-06
72 185  1.5899133377003210e-05
72 186  1.3094007464528416e-05
72 187  1.5221916410093179e-05
72 313  4.1066729402925140e-06
72 420  1.2868552120787619e-05
72 965  1.4374747784328613e-05
72 1338  1.1653501784969390e-05
72 1598  7.2246791586430857e-06
72 1941  7.3196706346040492e-06
72 1942  8.2239516991899232e-06
72 2046  1.4798556873389604e-05
72 2431  8.5438974419219149e-06
73 72  9.9625641711650112e-06
73 73  8.2011018685157193e-05
73 74  8.0916369635420080e-06
73 75  3.2116466254611187e-06
73 311  5.8351629753664736e-06
73 312  7.5973211531481038e-06
73 313  1.2265169829036263e-05
73 418  9.7552719990521817e-06
73 420  1.0176997264968854e-05
73 1338  1.0154103095658402e-05
73 1565  3.6061314340230528e-06
73 2053  3.1201573227248986e-06
73 2054  2.5445757740869638e-06
73 2066  4.0266849617607159e-06
73 2182  3.8005184903993322e-06
73 2391  4.1698926938962720e-06
73 2396  8.7227254916227528e-06
73 2429  4.5167958257634267e-06
73 2431  7.1673266002067014e-06
73 2449  4.2918453558532574e-06
74 72  8.9081241706986901e-06
74 73  8.0916369635420080e-06
74 74  9.7564551436245492e-05
74 75  6.1402581796831900e-06
74 185  1.3911247065728989e-05
74 187  1.3376555421006641e-05
74 220  9.4495827227552509e-06
74 313  6.4336996037570377e-06
74 443  6.0331417351731193e-06
74 931  7.5415066682233878e-06
74 1018  2.9583635022188355e-06
74 1019  6.1946290194905493e-06
74 1338  9.5986597583607082e-06
74 1511  6.0190825910477512e-06
74 1564  1.0793472005916487e-05
74 1565  6.3874730252639347e-06
74 1566  5.7091528074396575e-06
74 1829  7.5442688628165413e-06
74 2053  2.2779595707113490e-06
74 2182  4.7708754153747322e-06
74 2183  1.4873099658017400e-06
74 2432  2.7198280993575984e-06
75 72  8.0615333245159989e-06
75 73  3.2116466254611187e-06
75 74  6.1402581796831900e-06
75 75  4.2267910718997632e-05
75 181  4.4958196807547102e-06
75 184  5.5155061359839354e-06
75 187  4.3596632728875886e-06
75 313  7.8296504761643880e-06
75 1019  5.7213018325775169e-06
75 1511  3.9331691716466969e-06
75 1941  6.2075858086773424e-06
75 2431  2.8232548397102895e-06
75 2457  5.1024767304336833e-06
76 5  4.8480388871907105e-06
76 6  7.3238201311861130e-06
76 7  1.8227161635345015e-06
76 8  1.1865126169554388e-06
76 42  2.4567747377236894e-06
76 76  3.7236083135255069e-05
76 77  4.4358999072179568e-06
76 78  9.9728365860735309e-07
76 79  7.2541501603248536e-06
76 350  2.0490434276106594e-06
76 1166  3.5876860120742806e-06
76 1170  4.1613572169029874e-06
76 1171  2.5915130065516175e-06
76 2944  5.1399510655546166e-06
76 3461  4.5698593888156475e-06
76 3462  3.4295183226321671e-06
77 5  2.2629427920298466e-04
77 40  1.3842733533584605e-04
77 42  1.5327016275687265e-04
77 43  1.0685219975193895e-05
77 76  4.4358999072179568e-06
77 77  1.3756995701260926e-03
77 78  7.5160784236377937e-05
77 79  5.3724418546851345e-06
77 199  6.9508477329719190e-06
77 330  2.4280991940893139e-04
77 536  6.2037607468193023e-06
77 1091  1.6605323322566457e-04
77 1171  1.6851847232835838e-04
77 1414  4.0986254440536464e-06
77 1418  7.0736106669654370e-06
77 1849  6.6101349130792686e-05
77 2178  4.9410302097716847e-06
77 2362  1.0738774192050024e-04
77 2943  3.1770429501272586e-06
77 2944  5.3544099627785286e-06
77 3109  6.2675996158335794e-06
78 76  9.9728365860735309e-07
78 77  7.5160784236377937e-05
78 78  3.2131262860198679e-04
78 79  1.8447032645075782e-06
78 536  1.6141795374351928e-06
78 1171  7.5322377484925501e-05
78 2067  8.5051628689129289e-05
78 2178  1.0657677556669051e-06
78 2362  8.4320132086179389e-05
79 6  7.6597886076918885e-06
79 76  7.2541501603248536e-06
79 77  5.3724418546851345e-06
79 78  1.8447032645075782e-06
79 79  7.3386858626652165e-05
79 348  1.1918552767569481e-05
79 349  8.6020784439388751e-06
79 350  7.1210481507172951e-06
79 1166  3.9675993631455942e-06
79 1170  1.3934948215198356e-06
79 1171  1.9829124054292014e-06
79 1201  1.9878344822918357e-06
79 1414  9.1808603141085916e-06
79 2067  2.2949762594748895e-06
79 2362  2.3536259229243882e-06
79 2944  4.8816750162261716e-06
79 3109  8.2281420259381224e-06
79 3461  1.2228848601424807e-05
79 3618  1.1807555478059699e-05
80 80  7.9526325938593292e-04
80 81  1.3386756225209647e-04
80 82  1.1194107394335798e-04
80 83  5.2097492552177865e-06
80 85  1.0261815606051110e-04
80 120  1.3418682370412721e-04
80 121  1.3319093401311449e-05
80 122  2.1930501992925955e-05
80 172  2.1274898548388557e-05
80 468  4.3692219645776317e-06
80 963  2.4236939064678543e-06
80 1098  8.7683021565612923e-05
80 1314  4.1343984823639658e-06
80 1835  8.3204795320556129e-05
80 1918  8.6280569431430984e-06
80 1952  8.3018371174956761e-05
80 2368  2.2759340922930972e-05
81 80  1.3386756225209647e-04
81 81  5.0995617541832439e-04
81 82  1.3910976005438702e-04
81 83  5.3967213552643200e-06
81 120  1.1185095038273188e-04
81 170  1.2111052545706573e-04
81 172  5.7709445017066030e-06
81 1314  2.2017228759509784e-06
82 80  1.1194107394335798e-04
82 81  1.3910976005438702e-04
82 82  7.6868459494891723e-04
82 83  3.8074148405803690e-06
82 170  1.2625075209425141e-04
82 681  1.0096236643004992e-04
82 682  1.0039615544368016e-04
82 719  9.8326743477000227e-05
82 963  7.5081901569090648e-07
82 1098  9.1242862169743508e-05
82 1314  3.4380793577865554e-06
83 80  5.2097492552177865e-06
83 81  5.3967213552643200e-06
83 82  3.8074148405803690e-06
83 83  1.2163627640340509e-04
83 170  1.7499018368218106e-05
83 172  1.3674744055300379e-05
83 293  5.6072966719840066e-06
83 294  7.3921460152408433e-06
83 295  1.1700566004085282e-05
83 307  5.1444530903565453e-06
83 315  2.3758482497687744e-05
83 503  2.7395871618710877e-06
83 681  1.7033492800663158e-06
83 682  6.6935876511387778e-06
83 719  2.3437118894872040e-06
