%Mat Object:() 1 MPI processes
%  type: seqaij
% Size = 1658 1658 
% Nonzeros = 22618 
zzz = zeros(22618,3);
zzz = [
1 1  4.9083037526699724e-01
1 2  -7.0435723050472965e-02
1 3  -4.5517536097145435e-02
1 4  -4.8306286452178701e-02
1 114  -3.0112723230099558e-02
1 258  -9.5879040033805887e-02
1 332  -3.5958429646778048e-02
1 412  1.2298526357081497e-02
1 419  -4.1440141975005534e-02
1 447  1.0994596358079561e-02
1 483  -3.7634318889550526e-03
1 1029  -3.1884434473211265e-02
1 1062  -1.8609769523126277e-02
1 1124  -5.2261210452963780e-02
1 1146  -3.9954771158415933e-02
2 1  -7.0435723050472965e-02
2 2  4.8265726512981172e-01
2 3  1.0481782814628525e-02
2 4  -2.0758367662319987e-02
2 447  -6.7286466192450045e-02
2 483  -7.9033456366691651e-02
2 512  -4.6804968622744074e-02
2 524  -8.0529949720897671e-03
2 525  -9.3121083039723648e-02
2 988  2.1362748849951367e-02
2 1031  -8.3194163704692625e-02
2 1124  7.8628578962172575e-03
2 1146  -5.3677431079424118e-02
3 1  -4.5517536097145435e-02
3 2  1.0481782814628525e-02
3 3  7.7326220742886309e-01
3 4  -7.9105888542580299e-02
3 76  -1.7111955914555610e-02
3 113  7.1314870913534792e-04
3 114  -5.5179635532267866e-02
3 184  3.3604479832681868e-02
3 199  6.8354447211364591e-02
3 258  2.4025054425576314e-02
3 370  -1.5494820311004113e-02
3 376  -5.7002435783616197e-02
3 403  -1.4471638859690349e-02
3 419  -7.9055594717482469e-02
3 420  -1.6850382113756637e-01
3 428  3.4878601354715148e-02
3 447  -4.2199284779136453e-02
3 494  -1.1217666536014072e-01
3 498  -2.1763148183132444e-01
3 521  -1.5032819253855235e-02
3 525  -2.6836143656599212e-02
4 1  -4.8306286452178701e-02
4 2  -2.0758367662319987e-02
4 3  -7.9105888542580299e-02
4 4  4.7843659611821382e-01
4 94  -4.8034720300060368e-02
4 114  -6.2063905849711776e-02
4 332  -4.9905653897164004e-03
4 376  -3.7658552134571796e-02
4 483  -5.7957751859747796e-02
4 484  -6.5170488835408422e-02
4 485  -1.0922853643429608e-02
4 494  5.6712488765431500e-03
4 525  -4.9138464325031841e-02
5 5  2.3484871599062349e-01
5 6  -3.4068902312429705e-02
5 7  -7.0003105979134672e-02
5 8  -1.6246622635594722e-03
5 98  1.0930505109651790e-04
5 346  -5.7076501960469858e-02
5 567  -1.6771560307672968e-02
5 619  3.3024742430450083e-03
5 763  -3.2081595077288597e-02
5 1128  -2.6634167384209713e-02
6 5  -3.4068902312429705e-02
6 6  2.9570812397836077e-01
6 7  3.2456319170758945e-03
6 8  -7.9875332736193239e-02
6 173  1.3825462477427001e-02
6 297  -5.7537202701976091e-02
6 298  2.0091013902357648e-02
6 342  -3.2723336554224693e-02
6 344  -9.7499167831479036e-02
6 567  1.8863453243088771e-03
6 619  -3.3052635463227370e-02
7 5  -7.0003105979134672e-02
7 6  3.2456319170758945e-03
7 7  5.4070456068222217e-01
7 8  -9.6162655652869064e-02
7 321  -5.9790151329901314e-02
7 322  -3.6863618825347569e-02
7 323  1.8204203922613120e-02
7 344  -2.2478573371351410e-02
7 346  -4.0132467332123091e-02
7 442  -1.0779276530295640e-02
7 600  -7.3429479049131136e-02
7 619  -1.9540337000989241e-02
7 763  2.5218976164869233e-02
7 1059  -8.1938790358477408e-03
7 1084  -1.0718079791476999e-01
7 1128  -4.2819030665019575e-02
8 5  -1.6246622635594722e-03
8 6  -7.9875332736193239e-02
8 7  -9.6162655652869064e-02
8 8  6.9813081130891708e-01
8 172  5.0055315167806660e-02
8 297  -1.6810966441235281e-02
8 298  -9.6655264136469701e-02
8 321  3.5828307975430251e-03
8 323  -6.3753619165961575e-02
8 324  2.1943860360805725e-02
8 344  1.1881762396248125e-02
8 346  -9.1251955989532396e-02
8 348  -2.0920238494039317e-02
8 349  -8.1784938416390646e-02
8 381  9.0498576379798273e-02
8 442  2.4590025233413977e-02
8 567  -2.1099827404850599e-01
8 634  -1.4084527429977614e-01
9 9  5.4661647219947929e-01
9 10  -6.2793591491061868e-02
9 11  -4.8630900068796404e-02
9 12  -2.4050277882532660e-02
9 42  4.6887864848823334e-03
9 127  1.4203194564310177e-02
9 145  -1.0302729661621621e-01
9 162  -1.0587321808208411e-01
9 163  1.0675370280678888e-02
9 393  -1.4809532488194426e-03
9 594  -1.0926828006258911e-01
9 595  2.1009567383591067e-03
9 684  -4.3280307640084018e-02
9 689  -5.6390455103779241e-02
9 1117  -2.3489500071746702e-02
10 9  -6.2793591491061868e-02
10 10  2.7172379646230471e-01
10 11  6.0488794607334558e-03
10 12  -1.2421613494647224e-02
10 478  -2.0611714345122156e-02
10 594  -2.5762777375607320e-02
10 595  1.9324171766694917e-02
10 604  -1.0919147760853114e-01
10 609  1.8406164024961848e-02
10 684  -1.0984368282806920e-02
10 969  -3.0285707051444573e-02
10 1117  -4.3451762065473798e-02
11 9  -4.8630900068796404e-02
11 10  6.0488794607334558e-03
11 11  2.6743985071699100e-01
11 12  -2.4032704308207226e-02
11 145  -1.0035951597082068e-01
11 210  -1.9271032194440561e-02
11 577  6.8512885369207618e-03
11 689  1.6538079227159035e-02
11 819  -5.2162111929580243e-02
11 1117  -5.2421833469959100e-02
12 9  -2.4050277882532660e-02
12 10  -1.2421613494647224e-02
12 11  -2.4032704308207226e-02
12 12  3.0700100257349860e-01
12 145  2.8484595671031503e-02
12 210  -3.0663138522881661e-02
12 391  5.0048343163786018e-03
12 393  -3.8992568766911685e-02
12 406  -2.6806285157958507e-02
12 407  -8.7209252334181052e-03
12 478  4.7045206507814984e-03
12 593  -7.6619964547586905e-02
12 594  -5.5025604940788987e-02
12 614  -4.7861870356757284e-02
13 13  2.6969836216314363e-01
13 14  -4.9721368162508068e-03
13 15  -3.9530921377686601e-02
13 16  -9.3468772063524351e-03
13 80  -3.5848206708752731e-02
13 83  1.6843641449522842e-02
13 143  -1.3053892507962023e-01
13 491  -2.2632296872038878e-02
13 511  9.6901959047252986e-03
13 1036  -1.4181979552438488e-02
13 1056  -3.9180855904251549e-02
14 13  -4.9721368162508068e-03
14 14  2.7051108462223689e-01
14 15  -2.4376680688922868e-02
14 16  -1.2394950083038564e-01
14 29  -1.5598590205579374e-02
14 31  -2.5348346181626170e-02
14 32  -4.5262423694530901e-02
14 451  1.9019336171620851e-02
14 460  6.7466981535620023e-03
14 487  -2.6618506291925172e-02
14 491  -6.4071689059757037e-03
14 541  -2.3743765332223069e-02
15 13  -3.9530921377686601e-02
15 14  -2.4376680688922868e-02
15 15  2.4039252375282469e-01
15 16  2.0523954277325885e-02
15 80  -9.8892968069620290e-03
15 83  -2.0793271992888832e-02
15 133  -2.8920186263976407e-02
15 450  -3.5567691443167460e-02
15 451  -6.8241742135539990e-02
15 511  -2.5587112217788609e-02
15 541  -8.0095751032177795e-03
16 13  -9.3468772063524351e-03
16 14  -1.2394950083038564e-01
16 15  2.0523954277325885e-02
16 16  6.1394359211364868e-01
16 31  2.1096210030659866e-03
16 32  -1.1447348777987079e-01
16 83  -9.7238700555901642e-02
16 143  -3.2471474112667216e-02
16 144  -7.7277454840144963e-02
16 205  -1.0003850447640480e-01
16 241  2.6856162117913002e-02
16 310  -4.7599833564673649e-03
16 372  -1.2154300829119738e-02
16 385  -1.5872705987182580e-02
16 451  -7.3629706598145953e-02
16 487  2.8510232827549893e-02
16 491  -3.0730865766860287e-02
17 17  4.9850000053798438e-01
17 18  1.6810631736122007e-02
17 19  -3.8904163870160824e-02
17 20  -9.2682817241206208e-02
17 21  -8.9818810704936164e-02
17 24  -5.5332533952403076e-02
17 126  -7.5800662704720273e-02
17 271  -5.1590762010115900e-02
17 533  -5.5363780952460851e-03
17 1418  -3.2977771948085530e-02
17 1430  -8.9872398002272355e-02
17 1484  -1.6459376949880550e-02
17 1591  3.3665043204920621e-02
18 17  1.6810631736122007e-02
18 18  6.9678058818718036e-01
18 19  6.3658459537408504e-03
18 20  -2.0303989867957655e-02
18 24  -3.3612510592497806e-02
18 153  -1.4175230165415359e-01
18 172  1.2415282043384079e-02
18 219  6.4117189631641092e-02
18 220  -1.0496164111954037e-01
18 271  -2.5488016393483932e-02
18 301  -8.7886918712314410e-02
18 305  -7.7546451167370647e-02
18 306  -8.4155714577241039e-02
18 319  1.7143052494798475e-03
18 320  7.3422667734724953e-03
18 324  6.4566830261962055e-02
18 481  -1.9991949751583643e-01
18 634  -9.4485898236586791e-02
19 17  -3.8904163870160824e-02
19 18  6.3658459537408504e-03
19 19  6.0715145585315422e-01
19 20  9.4063500603475143e-03
19 22  -1.3848906279166087e-02
19 24  -7.9978054269628701e-02
19 33  3.4880383043374021e-02
19 72  -1.7602098931800408e-01
19 75  -5.8740014623596265e-02
19 126  -1.3163247165179470e-01
19 175  2.5049760231607168e-02
19 220  -4.0822092407963542e-02
19 304  1.5937363905246204e-02
19 320  1.7768976847479792e-03
19 481  -1.0447671266889522e-01
19 533  -5.6144651643008393e-02
20 17  -9.2682817241206208e-02
20 18  -2.0303989867957655e-02
20 19  9.4063500603475143e-03
20 20  4.9020470764058621e-01
20 218  -3.7766278201633433e-02
20 219  -3.4051449485979690e-04
20 220  -9.9778466499893442e-02
20 271  -5.5964155987515973e-03
20 305  -9.0452373166255221e-02
20 533  -2.1122876729629113e-02
20 564  4.4730127195703184e-03
20 1382  -4.4250626497716695e-02
20 1418  -1.4074384238396423e-02
20 1430  -7.7715327884204571e-02
21 17  -8.9818810704936164e-02
21 21  6.4871076280497797e-01
21 22  2.4839258711729945e-02
21 23  8.3788208555028720e-03
21 24  -1.4248613690721157e-01
21 126  -1.8816424593830129e-02
21 271  -1.0391969255821117e-01
21 301  -1.6296532409676625e-03
21 341  -8.5851232007084482e-03
21 408  1.1031065933174997e-02
21 492  -1.6693528493648793e-01
21 589  -2.7723023389309504e-02
21 1413  -9.8915098026678333e-02
21 1418  2.1660169432828835e-02
21 1484  -7.2863668839288631e-02
21 1591  1.7072838659414731e-02
22 19  -1.3848906279166087e-02
22 21  2.4839258711729945e-02
22 22  8.2003137259592607e-01
22 23  -2.4838304445629894e-01
22 24  -3.2529485235025052e-01
22 33  -7.0014538811286636e-02
22 34  -7.2698432379902159e-02
22 61  -1.8843162754615065e-03
22 62  -7.0005310021867134e-02
22 72  5.6165708654526462e-02
22 120  1.2983549520556244e-02
22 126  3.2930762647315898e-02
22 301  4.2380970670201690e-02
22 304  -1.4202666323721511e-01
22 324  -4.2548370235232030e-02
22 341  -9.4221328827863618e-02
22 481  4.0555817047531389e-02
22 492  5.1038323026756045e-02
23 21  8.3788208555028720e-03
23 22  -2.4838304445629894e-01
23 23  6.7954028669488498e-01
23 24  7.4947709165876855e-02
23 33  -5.8423639363668144e-02
23 34  -1.5559216446255944e-02
23 35  -2.7102327621413611e-02
23 120  -1.7107424131918578e-01
23 121  -9.5207262494247186e-02
23 126  -2.6872826645949918e-02
23 341  3.1848368231821939e-02
23 492  -2.3628935221925576e-01
23 576  8.4196725618188667e-02
24 17  -5.5332533952403076e-02
24 18  -3.3612510592497806e-02
24 19  -7.9978054269628701e-02
24 21  -1.4248613690721157e-01
24 22  -3.2529485235025052e-01
24 23  7.4947709165876855e-02
24 24  7.2637422085612002e-01
24 126  -1.3708034246675861e-02
24 271  -8.1378419908576579e-03
24 301  -1.6045080821186014e-01
24 304  6.2320216513262000e-02
24 324  3.8547153571121824e-02
24 341  4.2235998584011988e-02
24 481  -1.2542452616900726e-01
25 25  5.6669189520803087e-01
25 26  -1.7677156668966496e-01
25 27  4.2644981735057749e-02
25 28  -1.6417798493798516e-01
25 195  -3.5303859153615457e-03
25 284  2.4479439632239232e-02
25 378  -3.6562494014303462e-02
25 379  -7.9362519375855964e-02
25 389  1.4910508226152870e-02
25 392  -2.6648249307807428e-02
25 515  -7.2524883724009642e-02
25 725  -9.6493356892556701e-03
25 964  -4.4123215744696256e-02
25 1038  -3.5376189402540621e-02
26 25  -1.7677156668966496e-01
26 26  5.6298990234985102e-01
26 27  -5.4324511452897135e-02
26 28  6.4206889075454285e-02
26 196  8.7074726088342191e-04
26 222  -3.5889893039814755e-02
26 224  -9.1544870274696655e-02
26 253  -7.9632662364450560e-02
26 284  -3.9538300297501772e-02
26 379  -3.7811314114144630e-02
26 392  1.9304131096366143e-02
26 482  -3.1208389570610316e-02
26 725  -6.5739925255085499e-02
26 964  -8.2353792788544232e-03
26 1121  1.3477313268080115e-02
26 1122  -4.0152170712914319e-02
27 25  4.2644981735057749e-02
27 26  -5.4324511452897135e-02
27 27  6.4221787659906460e-01
27 28  -9.4612694912077064e-02
27 84  -7.6468200866297228e-02
27 199  1.9578781347579635e-02
27 200  -5.1502394791543837e-02
27 201  1.0110153251217032e-02
27 222  1.9905856535839060e-02
27 253  -1.2100766235039961e-01
27 263  1.3989204652619519e-02
27 264  -1.1686703658031093e-01
27 267  1.1481438092770611e-02
27 284  -5.5658287382804664e-02
27 287  -1.8854196312614951e-02
27 392  -5.4324582025149733e-02
27 399  1.1767113142875721e-03
27 413  -1.1748543685434054e-01
28 25  -1.6417798493798516e-01
28 26  6.4206889075454285e-02
28 27  -9.4612694912077064e-02
28 28  5.6421410911230352e-01
28 55  -3.3999543935031941e-02
28 84  1.4925450883283960e-02
28 195  8.6845406252453409e-03
28 266  -2.3147395338637536e-02
28 267  -9.2428372557012736e-02
28 284  -9.2872308142760471e-02
28 287  9.9457104847139339e-03
28 389  -4.2494404685860687e-02
28 392  -6.0998888055804144e-03
28 515  -5.8387443790026687e-02
28 584  -5.3756663076028215e-02
29 14  -1.5598590205579374e-02
29 29  3.3908502313650779e-01
29 30  -2.5570796938921309e-02
29 31  -1.0813973518757741e-01
29 32  -4.2610773070994902e-02
29 187  -6.1845605519407085e-02
29 189  -5.5059872906317753e-02
29 229  1.4405744791201399e-02
29 312  -8.6779526070211957e-02
29 397  1.9485217307746858e-02
29 460  5.3187162491181786e-03
29 541  6.6861279775450519e-03
29 578  1.0624070436890490e-02
30 29  -2.5570796938921309e-02
30 30  6.3651024348265550e-01
30 31  -2.7332401701822360e-02
30 32  -1.6801070958368797e-01
30 71  -5.0870586912324094e-02
30 187  3.0128984255237280e-02
30 188  -5.3223652197429167e-02
30 189  -9.2831249773771135e-03
30 228  -1.3104891651576252e-02
30 229  -7.4208795187773083e-02
30 309  -6.8410736317386506e-02
30 310  6.4087672472373874e-02
30 311  1.6155363278538791e-03
30 351  -2.9767554498397564e-02
30 377  -5.2512161934582672e-04
30 385  -2.2000877128721306e-02
30 387  -1.4788180711586341e-01
30 398  5.8116703639861040e-03
30 505  -4.7963051071480536e-02
31 14  -2.5348346181626170e-02
31 16  2.1096210030659866e-03
31 29  -1.0813973518757741e-01
31 30  -2.7332401701822360e-02
31 31  4.7031754093034633e-01
31 32  -4.9305902314708772e-02
31 229  2.2604974425089845e-02
31 250  -4.5018454649404474e-02
31 312  -2.1220431520191261e-03
31 385  -7.3564226781562686e-02
31 398  -3.8519291456209304e-02
31 451  -2.2555682182593791e-02
31 541  -5.0224295014818246e-02
31 578  -5.2901757736159939e-02
32 14  -4.5262423694530901e-02
32 16  -1.1447348777987079e-01
32 29  -4.2610773070994902e-02
32 30  -1.6801070958368797e-01
32 31  -4.9305902314708772e-02
32 32  6.6094516415595206e-01
32 189  4.5869827385948692e-03
32 205  1.4037584293051677e-02
32 309  2.0156318008045453e-02
32 310  -1.8043424357092089e-01
32 311  -3.3274442911747165e-02
32 372  6.0293607670739324e-02
32 385  -5.4299545245841780e-03
32 387  3.8074868319822659e-02
32 460  -9.0865214661076596e-02
32 487  -6.8427373074083836e-02
33 19  3.4880383043374021e-02
33 22  -7.0014538811286636e-02
33 23  -5.8423639363668144e-02
33 33  5.8260838590395958e-01
33 34  -5.0802295308874951e-02
33 35  -6.6021873599244191e-02
33 72  -1.8544360862347015e-01
33 93  -9.7703373508051722e-02
33 121  -4.4557320240954908e-04
33 126  -7.5198396288799041e-02
33 174  -7.2918092476820420e-02
33 175  1.3366067842223986e-02
33 304  3.0695615184564970e-02
33 362  4.4817335196767200e-03
33 375  -3.2968623405736780e-02
33 410  4.3907829094562471e-02
34 22  -7.2698432379902159e-02
34 23  -1.5559216446255944e-02
34 33  -5.0802295308874951e-02
34 34  5.0517730508163394e-01
34 35  -2.9398382417150544e-02
34 60  -8.9873115876898182e-02
34 61  4.2981219205263923e-03
34 62  -5.5007660965338458e-03
34 93  -8.1654850088763969e-02
34 120  -3.9429146195909037e-02
34 304  -5.3385998113841390e-03
34 409  1.0175342165941494e-02
34 410  -2.3085615856209666e-02
34 556  -1.1755828437190799e-01
34 585  1.1247935681688685e-02
35 23  -2.7102327621413611e-02
35 33  -6.6021873599244191e-02
35 34  -2.9398382417150544e-02
35 35  4.1711370887885085e-01
35 93  -5.3924394220431965e-02
35 120  -7.1774888395792491e-03
35 121  -2.7187172887444853e-02
35 170  -5.5405193095062116e-02
35 174  -1.0799296201884252e-03
35 361  1.0808035006586877e-02
35 362  -1.8405807391595884e-02
35 531  -7.8406858596842335e-02
35 585  -6.3812315596484634e-02
36 36  6.7001659171203432e-01
36 37  -1.7544598664863525e-01
36 38  -6.8403555930934029e-02
36 39  6.3758086006130740e-02
36 181  5.7701654923785137e-02
36 252  -2.9136571621548368e-02
36 447  -3.1923545979982246e-02
36 498  -9.4859617373762264e-02
36 513  -9.4640203943065770e-02
36 522  -1.1825272236880691e-01
36 523  7.0670260255882994e-03
36 622  -4.1565525369999648e-02
36 626  -3.1372637395500308e-02
36 779  -2.3609473794302692e-02
36 780  1.9707614368587895e-02
36 790  -3.0434008097702709e-02
36 988  1.4093002889929851e-02
36 1021  -6.0842975776733789e-02
36 1044  -3.1857151625082278e-02
37 36  -1.7544598664863525e-01
37 37  6.8406768519926742e-01
37 38  7.0834826518435326e-02
37 39  -1.9034480068882006e-01
37 180  2.2914160088152058e-02
37 181  -8.8875225367471417e-02
37 182  -1.0258828959110313e-02
37 200  -7.3354112286762960e-02
37 202  -3.2204617540898574e-02
37 252  2.3956733208076429e-02
37 328  -2.5083068722351522e-02
37 498  -1.8797967077522376e-02
37 522  3.6584713931239812e-02
37 523  -6.2044310423855831e-02
37 530  -6.8576156052159942e-02
37 603  -3.6906194465694014e-02
37 622  -5.6466850711888936e-02
38 36  -6.8403555930934029e-02
38 37  7.0834826518435326e-02
38 38  6.5480342633864108e-01
38 39  -1.3901620749752214e-01
38 48  6.9452772508908339e-03
38 56  -8.5138659472860194e-03
38 73  1.8185539627137393e-03
38 89  -5.4614177232239734e-02
38 91  1.2544377661499441e-02
38 181  -1.3711341004680033e-01
38 184  -1.2974462099416917e-01
38 329  -6.5958797291610013e-02
38 390  -8.2852556508456049e-02
38 498  2.4850772374866152e-02
38 513  -5.6677225339171876e-02
38 522  -2.8902817318857191e-02
39 36  6.3758086006130740e-02
39 37  -1.9034480068882006e-01
39 38  -1.3901620749752214e-01
39 39  6.5173031882457200e-01
39 48  -3.2002651376251859e-03
39 51  1.9270738287264198e-02
39 89  -7.4567774861602779e-02
39 90  -1.3347929771262979e-01
39 181  -2.1634095212152586e-02
39 182  -5.9685488785244052e-02
39 328  -2.9623374581556949e-02
39 390  1.8863776736986318e-02
39 411  2.5094351460665968e-02
39 522  -1.4189604523247573e-01
39 523  1.4730078394010073e-02
40 40  5.6491773812519397e-01
40 41  -7.4099724588389218e-02
40 42  1.2895700561513471e-02
40 43  2.4209084090626814e-02
40 127  -7.1831919585085516e-02
40 129  -6.5131940271239003e-02
40 154  -9.2013760287047525e-02
40 160  2.2004427311118478e-02
40 197  -1.2236443881658830e-01
40 198  -4.6411649848046577e-02
40 354  1.5124428025131028e-02
40 618  -9.8526333432879032e-02
40 844  -7.0794910203353933e-02
40 851  -2.1572093503144506e-02
40 1060  2.3595392422189748e-02
41 40  -7.4099724588389218e-02
41 41  5.4810395743265306e-01
41 42  -4.4864103376310291e-02
41 43  -2.0529236356615736e-02
41 50  4.8295410575195652e-02
41 90  -7.0619220556358872e-02
41 154  -7.7685343472871912e-02
41 160  -1.0510472356503252e-01
41 197  -4.4147166536237323e-03
41 274  -1.1117257469201168e-01
41 328  -8.1779904315412544e-02
41 411  -4.2020661417678365e-02
41 424  5.1281923344889846e-02
41 536  2.7342782383658393e-02
41 618  -4.2733864742091995e-02
42 9  4.6887864848823334e-03
42 40  1.2895700561513471e-02
42 41  -4.4864103376310291e-02
42 42  9.7553371451357707e-01
42 43  -7.6423818468741619e-02
42 50  1.6424005684993782e-02
42 51  2.9639014514691562e-02
42 88  1.0096334400360882e-01
42 90  -1.1179786530890898e-01
42 127  -2.1118228273263756e-01
42 130  6.0981878325888736e-02
42 145  6.8142692001369812e-02
42 154  -7.8082502417330293e-02
42 162  -4.5844905038127215e-02
42 163  -3.3040718747821163e-01
42 272  7.1313986076119273e-02
42 274  -2.1839993905408969e-01
42 393  -2.2358051829228756e-01
43 40  2.4209084090626814e-02
43 41  -2.0529236356615736e-02
43 42  -7.6423818468741619e-02
43 43  5.6702122570534819e-01
43 127  -1.1095955574292701e-02
43 129  1.9603478079481432e-02
43 130  -6.5831403851165593e-02
43 140  4.7809075548535723e-02
43 197  -7.5224733196092519e-02
43 212  -4.7483141437617005e-02
43 273  -1.1239244803099413e-01
43 274  -4.9341524755123628e-02
43 355  -1.2951936252330620e-01
43 393  -4.8201508511802701e-02
43 536  -2.2599730718240375e-02
44 44  2.6521841510308886e-01
44 45  4.2337540594705163e-03
44 46  -4.4456724132404021e-02
44 47  -5.9395399792304279e-02
44 327  -3.0947827002668592e-02
44 382  3.0766659511298252e-03
44 394  -4.1111813788402653e-02
44 395  -2.8429001733893493e-02
44 548  -4.5309043115537150e-02
44 549  9.5953453927839164e-03
44 550  -3.2474370941262945e-02
45 44  4.2337540594705163e-03
45 45  3.1897938523837444e-01
45 46  -4.7611341706682728e-02
45 47  -5.5574672289461523e-02
45 92  -1.1041304682389266e-01
45 93  -3.5275560192215519e-02
45 95  4.8293176061070670e-02
45 168  -3.5016745579876968e-02
45 170  2.0577888272267569e-02
45 213  -9.6074417541425917e-03
45 215  -1.6593372267285347e-04
45 409  -1.4604221453277135e-02
45 548  -3.2918362029508028e-02
45 556  -2.5939286904332514e-02
45 585  -2.4957591175120680e-02
46 44  -4.4456724132404021e-02
46 45  -4.7611341706682728e-02
46 46  3.1404733647033056e-01
46 47  1.7997506258292693e-02
46 92  3.1452193294475420e-02
46 95  -5.0258539452878004e-02
46 168  -4.8745835140148533e-02
46 169  -3.7405808930839656e-03
46 247  1.3851791746078229e-02
46 394  7.8867477946235331e-03
46 395  -7.5345622016082858e-02
46 518  -4.6521046658711138e-02
46 519  -3.2976224662353566e-02
46 620  -3.5579660901455645e-02
47 44  -5.9395399792304279e-02
47 45  -5.5574672289461523e-02
47 46  1.7997506258292693e-02
47 47  6.1584474832111591e-01
47 66  -5.3853135617537278e-03
47 92  4.4684976486839903e-02
47 93  -7.9794351701731839e-02
47 94  4.7273022997644784e-02
47 95  -2.1059244858106493e-01
47 170  -7.8980742555732036e-02
47 296  -1.3949085899831987e-01
47 327  -7.9519463357227253e-03
47 362  -1.9381520766378571e-02
47 395  -2.5316340020879898e-02
47 548  4.7771444825149747e-03
47 549  -4.8713803943058707e-02
48 38  6.9452772508908339e-03
48 39  -3.2002651376251859e-03
48 48  5.2048260391995194e-01
48 49  -7.9098786179817138e-02
48 50  -1.1383526971449925e-01
48 51  -4.6724713559631835e-02
48 90  1.7574446860249796e-02
48 329  -1.0052525475964799e-01
48 390  -4.3412906032146148e-02
48 522  -1.0869706232944763e-01
48 716  -3.6005576386549352e-02
48 717  1.4411870432855651e-02
48 780  -3.6267589026595312e-02
48 874  8.3532246620116844e-03
49 48  -7.9098786179817138e-02
49 49  5.4131617381450492e-01
49 50  -2.6572583897691411e-02
49 51  -5.0320827953353256e-02
49 162  -4.4641830644083405e-02
49 254  -8.9265991816905074e-02
49 255  -8.1845201491697439e-02
49 256  -2.1306670189907635e-02
49 329  1.7598178738153916e-02
49 390  -2.7445455936401731e-02
49 595  5.5790138673790547e-03
49 642  -3.0913430811018858e-02
49 711  2.1061520161878421e-02
49 716  -1.0055741039175374e-01
49 799  2.2853352117571980e-02
49 874  1.5082012695517087e-02
49 1077  -7.1522062082375812e-02
50 41  4.8295410575195652e-02
50 42  1.6424005684993782e-02
50 48  -1.1383526971449925e-01
50 49  -2.6572583897691411e-02
50 50  5.5189006381482830e-01
50 51  -3.9698058657731995e-02
50 90  -8.9650571123314496e-02
50 154  -1.5079702764107319e-01
50 162  -4.9438791519005383e-02
50 411  -6.8046323196183908e-02
50 522  1.1253726182783182e-03
50 711  -2.9282542824588888e-02
50 716  2.5389455336600298e-02
50 717  -7.5803139455807855e-02
51 39  1.9270738287264198e-02
51 42  2.9639014514691562e-02
51 48  -4.6724713559631835e-02
51 49  -5.0320827953353256e-02
51 50  -3.9698058657731995e-02
51 51  4.9245926205689916e-01
51 88  -5.1036619985899354e-02
51 89  -3.5995623371116697e-02
51 90  -1.4303585695875051e-01
51 162  -1.0959747628156293e-02
51 163  -6.8076099719876992e-02
51 256  -2.6214071839670831e-02
51 390  -4.4666449813804458e-02
51 642  -2.4640945370862647e-02
52 52  5.1053397351375940e-01
52 53  -9.8806359623727760e-02
52 54  4.2248511283865260e-02
52 55  -1.2604301183418529e-01
52 265  2.2321372283028849e-02
52 392  -2.0179664680215322e-02
52 431  -1.4229765998018097e-02
52 458  -2.6310386656879341e-02
52 467  -8.9248966249159942e-02
52 486  -8.0625550628990905e-02
52 515  -1.7284014013960983e-03
52 659  -5.1666686784755389e-02
52 862  -9.7694824569334315e-03
52 963  -5.6495580766391967e-02
53 52  -9.8806359623727760e-02
53 53  5.8031151422965421e-01
53 54  -3.6829481417696396e-02
53 55  -5.7966011621677471e-02
53 84  5.3934319716730079e-02
53 85  -1.6362077983574899e-01
53 86  -8.6774688764575281e-02
53 279  -1.2806919568631066e-02
53 353  -6.2676306650768510e-02
53 392  3.0987825388574964e-02
53 458  -7.1283640204747145e-02
53 467  3.4160979375614603e-02
53 659  -7.2319862085716238e-02
53 875  -5.3215660813075256e-03
53 1007  -3.0989022855977332e-02
54 52  4.2248511283865260e-02
54 53  -3.6829481417696396e-02
54 54  7.5305144495708798e-01
54 55  -1.1975199609480114e-01
54 84  1.1682632067003509e-02
54 86  -8.0145962532499684e-02
54 275  -1.3808213520596647e-02
54 279  5.8697418918883117e-02
54 280  -8.6576539133724512e-02
54 457  8.5195887727806258e-02
54 458  -5.8969452829680247e-02
54 467  -1.2570573143172820e-01
54 544  2.9720312733979817e-02
54 546  -1.7576285947748094e-01
54 563  -1.9702039640271712e-01
54 572  -5.7147750609043438e-02
54 573  -2.8877824238657479e-02
55 28  -3.3999543935031941e-02
55 52  -1.2604301183418529e-01
55 53  -5.7966011621677471e-02
55 54  -1.1975199609480114e-01
55 55  7.0173923057774334e-01
55 84  -1.7870128801662069e-01
55 85  5.6584232982825527e-02
55 86  4.5453678140284455e-02
55 265  -1.8590331627442944e-01
55 266  3.4222849793195190e-02
55 267  -8.0461601287798168e-02
55 392  -3.0715937369412843e-02
55 431  5.1015256306153611e-02
55 467  -1.2867343910182747e-02
55 515  -5.9119170203321650e-02
55 544  1.6589374869521362e-02
55 563  -2.0075402122262019e-02
56 38  -8.5138659472860194e-03
56 56  5.1280996797271516e-01
56 57  -2.3242578925307213e-02
56 58  -5.4897675585667896e-02
56 59  -6.1685942147624524e-02
56 72  3.8261080944087693e-02
56 73  -7.6408509982954620e-02
56 91  -5.9318803327379988e-02
56 184  -6.0005115339750253e-02
56 185  -2.6131058254330125e-02
56 303  -1.0748046640578073e-01
56 320  -3.6261100928342588e-02
56 329  2.6324679291735526e-03
56 330  -3.2837482089863118e-02
56 390  -6.9209179116893321e-03
57 56  -2.3242578925307213e-02
57 57  4.5548967338002383e-01
57 58  1.0146424962782938e-02
57 59  -2.7512500056199422e-02
57 185  -6.3880233571927583e-02
57 186  -3.9936091753058331e-02
57 303  -4.4031878993386092e-02
57 330  -6.2745749537137838e-02
57 509  -1.8549416869817072e-02
57 524  -1.2704800818855418e-03
57 554  -8.5891619976516939e-02
57 700  -4.5238565351225037e-02
57 701  -5.2090296937542239e-02
57 702  1.9237266513224778e-02
57 750  -2.0483952802028298e-02
58 56  -5.4897675585667896e-02
58 57  1.0146424962782938e-02
58 58  5.3652018630203857e-01
58 59  -3.6043393025550270e-02
58 91  -5.1300745504843211e-02
58 151  3.0066953596282277e-02
58 152  -1.2666530464092321e-01
58 185  -4.8628915684541932e-02
58 186  -9.6978730739446073e-02
58 254  -6.2844720576770305e-02
58 256  -8.0379099543102753e-02
58 257  3.0621839138533939e-02
58 319  -6.1271329581944964e-04
58 320  -5.3152957703158289e-02
58 390  -2.0290066847966498e-03
58 528  6.1778589849822985e-03
59 56  -6.1685942147624524e-02
59 57  -2.7512500056199422e-02
59 58  -3.6043393025550270e-02
59 59  4.8095785521630507e-01
59 72  1.0438323023394484e-03
59 186  1.5518559882585558e-02
59 302  -7.4710407586502811e-02
59 303  -8.3048826825715766e-02
59 304  -7.3671346899425325e-02
59 319  -5.7981580996489701e-02
59 320  -8.3905843773664585e-02
59 481  1.6550724046170157e-03
59 509  -1.8786685692328216e-02
59 554  1.8171207197653579e-02
60 34  -8.9873115876898182e-02
60 60  5.6747797530344235e-01
60 61  3.1091553391054561e-02
60 62  -1.0374741252242510e-01
60 97  -6.1227705094669946e-02
60 99  -1.0531408027621098e-01
60 215  -1.7260479952767192e-03
60 216  1.2989778997529337e-02
60 217  -3.7071278927965828e-02
60 302  -5.1688813003416961e-02
60 304  1.7919289965692793e-03
60 409  -9.3168171254476420e-02
60 410  -8.5482162576287130e-02
60 554  1.7478522052030553e-02
60 556  -1.5309712129987132e-03
61 22  -1.8843162754615065e-03
61 34  4.2981219205263923e-03
61 60  3.1091553391054561e-02
61 61  3.3309268805902120e-01
61 62  -8.2098360495760012e-02
61 97  -9.5605090728168446e-02
61 99  2.3671004630527161e-02
61 120  -1.0471210323041465e-02
61 324  -7.6685976385610241e-02
61 340  -2.3790448982234785e-03
61 341  -5.7635723144151350e-02
61 381  -4.9606575918080986e-02
61 556  -1.9839736105062261e-02
61 567  4.0526662724305364e-03
62 22  -7.0005310021867134e-02
62 34  -5.5007660965338458e-03
62 60  -1.0374741252242510e-01
62 61  -8.2098360495760012e-02
62 62  4.9869329509677357e-01
62 97  5.7303626258208007e-02
62 99  -9.1296166535069556e-02
62 302  -7.4026025673135890e-02
62 304  -4.9638435348782581e-02
62 324  -1.2319900759492668e-01
62 348  3.8528485712522820e-02
62 481  4.9860772209963924e-03
63 63  5.7974740994975726e-01
63 64  -7.1709243060236322e-02
63 65  1.6626874162968239e-02
63 66  -6.6323728728801046e-02
63 71  -1.2752113057363995e-01
63 228  -1.0605095770254842e-01
63 229  -1.6632447924592560e-02
63 294  -3.9452663534143353e-02
63 327  9.2942924691376055e-04
63 365  -3.5031846836371602e-02
63 396  -9.0266104784299944e-02
63 398  6.0345807143737447e-02
63 505  2.4469514519899413e-02
63 1375  -5.3772831288851686e-02
63 1431  -3.1612600289514063e-02
63 1547  -6.1373865822681055e-02
63 1548  1.7188543172917681e-02
63 1624  4.3984234948610474e-04
64 63  -7.1709243060236322e-02
64 64  7.3946193653349590e-01
64 65  -1.8560048695251999e-01
64 66  9.3612830227619952e-03
64 249  7.8898846783888338e-02
64 327  -1.3026289755298748e-01
64 382  -2.9209648858132786e-01
64 383  -5.5384447898102582e-02
64 394  2.8479626958501623e-02
64 395  1.7545788905767377e-02
64 396  -6.7911368431873509e-02
64 497  2.6891190017216588e-02
64 1260  1.8922006632927854e-02
64 1375  -4.0183736836231707e-02
64 1584  2.1965033068143063e-02
64 1624  -9.8377042609423399e-02
65 63  1.6626874162968239e-02
65 64  -1.8560048695251999e-01
65 65  6.9833032195816824e-01
65 66  -1.9679775872041717e-02
65 71  -6.3072042177072685e-02
65 241  4.4196227896674073e-02
65 247  -4.8338166939734611e-02
65 249  -5.2895302013139495e-02
65 250  3.7341997138226952e-02
65 382  8.6039343161045806e-02
65 383  -1.1463318091744948e-01
65 385  -1.8741983007640003e-01
65 386  3.9022605354765719e-02
65 394  -7.8403237606736578e-02
65 395  -1.4972260045058391e-01
65 396  -1.6683972316752824e-02
65 398  -5.1087743494175183e-03
66 47  -5.3853135617537278e-03
66 63  -6.6323728728801046e-02
66 64  9.3612830227619952e-03
66 65  -1.9679775872041717e-02
66 66  5.6407841901021738e-01
66 71  -6.8321348575324362e-02
66 95  3.6535581177174130e-03
66 294  -3.7174588402495337e-02
66 295  -4.6164623664078204e-02
66 296  -1.1521095166820274e-01
66 327  -7.4512370536260281e-02
66 365  2.1568256362223762e-02
66 386  -1.1728941313894289e-01
66 387  2.2602364336200408e-02
66 395  -7.5549165053531639e-02
66 505  4.3473983523108729e-03
67 67  4.5345746919320484e-01
67 68  -8.6885683130792039e-03
67 69  -6.5469334111911387e-02
67 70  -3.2296449524620172e-02
67 236  -1.2353603871442034e-01
67 237  -3.5597323589269633e-02
67 238  -3.5815705458385812e-02
67 239  -4.9073193033380980e-02
67 345  1.4501430720604806e-02
67 473  -9.0316069837306969e-03
67 562  8.4037294391542967e-03
67 1357  -4.0597750574220125e-02
67 1585  -3.8243192126953346e-02
67 1603  -3.8013466922992241e-02
68 67  -8.6885683130792039e-03
68 68  4.6764406119477087e-01
68 69  -7.0195047681907013e-02
68 70  -8.9159464205952790e-02
68 104  -8.2609775069822367e-02
68 105  -9.8275866529492717e-02
68 107  2.7921348689181657e-03
68 157  -1.1743047442723965e-02
68 219  -3.8510674529072322e-02
68 236  -8.6097916876853742e-03
68 380  1.4453968424207835e-02
68 1435  -3.2552117781305449e-02
68 1470  1.0721083453013678e-02
68 1585  -5.5266894699869284e-02
69 67  -6.5469334111911387e-02
69 68  -7.0195047681907013e-02
69 69  4.1740276202218207e-01
69 70  6.4214597301358173e-03
69 218  -2.3933793279948528e-02
69 219  -4.5504462697649087e-02
69 239  -1.4905405011947533e-02
69 380  -5.1802957493222196e-02
69 562  -7.7634966827565349e-02
69 1435  2.2181516674112133e-02
69 1585  -1.6505138232908043e-02
69 1603  -1.0528133280748971e-02
69 1628  -6.9526499808621967e-02
70 67  -3.2296449524620172e-02
70 68  -8.9159464205952790e-02
70 69  6.4214597301358173e-03
70 70  4.9844128551110972e-01
70 105  6.0667117667177360e-03
70 107  -9.0003624812887307e-03
70 151  -1.6710528659770976e-02
70 157  -3.4776617187447845e-02
70 235  -7.3728309389279906e-02
70 236  -4.3768940484909612e-02
70 237  -1.5614367303689942e-02
70 239  -7.7076887815418035e-02
70 380  -3.9689242230975350e-02
70 479  -1.5881228449066670e-02
70 560  -7.0749943915056679e-02
70 571  7.5228846395133647e-03
71 30  -5.0870586912324094e-02
71 63  -1.2752113057363995e-01
71 65  -6.3072042177072685e-02
71 66  -6.8321348575324362e-02
71 71  5.0390827513986269e-01
71 228  -4.5638758235994953e-03
71 229  6.5477392508018761e-03
71 385  -4.3895119317642062e-02
71 386  9.1403492463053310e-03
71 387  -6.3873305649947865e-02
71 396  6.3800221992343600e-02
71 398  -1.1128416646751697e-01
71 505  -4.9995010132246005e-02
72 19  -1.7602098931800408e-01
72 22  5.6165708654526462e-02
72 33  -1.8544360862347015e-01
72 56  3.8261080944087693e-02
72 59  1.0438323023394484e-03
72 72  7.4970591494579897e-01
72 73  -5.6362600083066684e-02
72 74  -3.8546529142133877e-02
72 75  -1.9006022572353596e-02
72 93  5.8828906046417571e-02
72 126  5.0436852958166127e-02
72 175  -2.5193456706195057e-02
72 303  -8.4144856144890645e-02
72 304  -2.1406975249360341e-01
72 320  -3.7964680402618724e-02
72 375  -7.7263819121290947e-02
72 410  -6.1764283167927751e-02
72 481  4.5227613915797403e-02
72 484  -1.1646127891805482e-03
72 494  -2.2724699202398252e-02
73 38  1.8185539627137393e-03
73 56  -7.6408509982954620e-02
73 72  -5.6362600083066684e-02
73 73  7.1878415272991025e-01
73 74  3.1851177568577894e-03
73 75  -2.5990849297020407e-01
73 89  -1.2651434664844561e-02
73 91  -2.4619106464669430e-02
73 181  -4.2935634190501532e-02
73 184  -4.4059123358012701e-02
73 234  -8.3109972500629056e-02
73 303  3.8383951627426187e-02
73 320  -2.3892988360858677e-02
73 430  -2.2089622513643256e-02
73 494  -6.4270502323949402e-02
73 495  -1.6913464460915151e-01
73 565  7.2618864609876113e-02
73 566  4.4651991335701191e-02
74 72  -3.8546529142133877e-02
74 73  3.1851177568577894e-03
74 74  4.8316207955296420e-01
74 75  -4.5221518985842975e-03
74 175  -9.2503784734215388e-02
74 293  1.1977230265206600e-02
74 334  -4.7935755835515112e-02
74 335  -4.0825960410488180e-02
74 375  -7.1829840003948833e-02
74 376  -3.2604898575726050e-02
74 494  -7.6428277170401140e-02
74 495  -5.7314909784677667e-02
74 521  -3.5812320019338081e-02
75 19  -5.8740014623596265e-02
75 72  -1.9006022572353596e-02
75 73  -2.5990849297020407e-01
75 74  -4.5221518985842975e-03
75 75  6.7116612474992710e-01
75 175  -1.1224722962438828e-02
75 220  -6.0601814656951254e-02
75 234  6.4011376301406450e-02
75 320  -2.8510715985974218e-02
75 335  2.1404429739844879e-02
75 430  -4.9983982982520533e-02
75 495  5.0684545356872113e-02
75 533  -5.7272680894113769e-02
75 564  -4.7220240543166245e-02
75 565  -1.6253580668279050e-01
75 566  -4.7739829375357000e-02
76 3  -1.7111955914555610e-02
76 76  6.2196073504781646e-01
76 77  -9.4933997490977209e-03
76 78  4.1466988209652250e-02
76 79  -8.4705878533714984e-03
76 113  -1.4325240930445327e-01
76 114  -6.8903077339190044e-02
76 115  -9.9534758248830596e-02
76 221  -5.6766065895598794e-02
76 258  -7.0514730650766758e-02
76 412  2.7635289553803795e-02
76 419  6.8814404499672154e-04
76 420  -8.6181292194660142e-02
76 452  -5.7198025417080654e-02
76 475  -4.8220514505216840e-02
76 502  1.7301187459380789e-02
76 539  -4.3405527242827993e-02
77 76  -9.4933997490977209e-03
77 77  7.4831472519927300e-01
77 78  -1.8346843511318395e-01
77 79  -7.0339283467507452e-02
77 113  -7.7690441465406504e-03
77 115  1.9885463373826875e-02
77 221  -7.7412563182322452e-02
77 223  -3.9865168304930552e-02
77 262  1.6370692953908309e-02
77 311  -6.3016160849348121e-02
77 337  2.3182758784261424e-02
77 338  1.0285955223833201e-01
77 339  -2.7500965589290322e-01
77 350  -6.2288963967056604e-02
77 351  -1.4966197283015797e-01
77 463  2.7711454953447359e-02
78 76  4.1466988209652250e-02
78 77  -1.8346843511318395e-01
78 78  6.5998485508455385e-01
78 79  1.8606700064988487e-02
78 113  -1.6449669551511936e-01
78 295  1.4391760163154264e-02
78 337  -5.4769010431505047e-02
78 338  -3.5674526743453713e-02
78 339  8.6332749049663079e-02
78 351  -2.6894018308395301e-02
78 401  -3.2785093992465569e-02
78 403  -1.1278815791603231e-01
78 420  -6.2316200617250871e-02
78 428  1.4835967857491241e-02
78 463  -9.4676743730407881e-02
78 505  -1.4328292007690221e-02
78 508  -5.3421846053998814e-02
79 76  -8.4705878533714984e-03
79 77  -7.0339283467507452e-02
79 78  1.8606700064988487e-02
79 79  5.4201086901858964e-01
79 221  -1.0061312439804306e-01
79 222  -1.3509446604744188e-02
79 223  7.4973173908100847e-03
79 339  -1.9891605678551898e-02
79 413  -8.4435886191899526e-02
79 420  -6.2523887363605340e-02
79 452  -6.4779202614834844e-02
79 462  2.1074317911685667e-02
79 463  -8.0826523400060357e-02
79 551  -8.3799656813455747e-02
80 13  -3.5848206708752731e-02
80 15  -9.8892968069620290e-03
80 80  4.9095878556867023e-01
80 81  -3.7592969995289924e-02
80 82  -4.9478871613320111e-02
80 83  -8.0845700048713290e-02
80 143  -1.3239676732203179e-01
80 450  -8.2569292331934208e-03
80 511  -5.9893130673415063e-02
80 697  -3.7019094953726933e-02
80 904  7.1254240667709523e-02
80 1056  -4.9021560344287327e-02
80 1072  -6.1970498536687110e-02
81 80  -3.7592969995289924e-02
81 81  3.7436079010003481e-01
81 82  -1.5496814676248960e-01
81 83  6.5096021755738217e-03
81 240  7.3968288938119388e-03
81 449  -5.3354119562505367e-02
81 450  -1.6876965461329614e-02
81 511  9.6901959047253003e-03
81 621  -8.1908521132650711e-03
81 697  6.8728925814658948e-02
81 791  -5.7566599178189640e-02
81 1072  -1.3813668981573562e-01
82 80  -4.9478871613320111e-02
82 81  -1.5496814676248960e-01
82 82  6.0399748448145374e-01
82 83  -1.1111507940694357e-01
82 143  -2.6384647547747792e-03
82 144  -4.3835648099794691e-02
82 204  3.2462277514629890e-03
82 205  -1.6093482693769257e-02
82 240  -1.6965070126445325e-01
82 241  -3.0641751890050795e-03
82 449  3.6485525814147291e-03
82 697  -4.5834915786868810e-02
82 698  -1.9016688999486421e-02
82 791  3.6655193294200059e-03
82 838  -2.9257603728146907e-02
82 904  -4.3554226447988849e-02
82 1072  7.3950220603289721e-02
83 13  1.6843641449522842e-02
83 15  -2.0793271992888832e-02
83 16  -9.7238700555901642e-02
83 80  -8.0845700048713290e-02
83 81  6.5096021755738217e-03
83 82  -1.1111507940694357e-01
83 83  4.8829458607230281e-01
83 143  -6.4496996965147629e-02
83 144  9.2993171404267150e-03
83 205  1.3641163500971536e-02
83 241  -4.7548058225475531e-02
83 449  -2.7965497444167237e-02
83 450  -1.6827005978056971e-02
83 451  -6.7757999721503134e-02
84 27  -7.6468200866297228e-02
84 28  1.4925450883283960e-02
84 53  5.3934319716730079e-02
84 54  1.1682632067003509e-02
84 55  -1.7870128801662069e-01
84 84  5.9417651597665921e-01
84 85  -9.6337494979414309e-02
84 86  -9.4507921783256316e-02
84 87  -2.2741800332968385e-02
84 200  -1.6944531357349399e-02
84 263  -4.7912229998588886e-02
84 264  -2.2427397743907514e-02
84 267  -2.0087978788404914e-02
84 392  -3.8948972990604507e-02
84 399  1.3484736677133560e-02
84 544  -4.1875058543731011e-02
84 546  -3.1250779919667099e-02
85 53  -1.6362077983574899e-01
85 55  5.6584232982825527e-02
85 84  -9.6337494979414309e-02
85 85  6.2423222701008652e-01
85 86  -5.8964572976155080e-02
85 87  1.4375674344595284e-02
85 200  4.0485063479032317e-04
85 251  -1.3256204097334959e-01
85 353  -5.1323798207877818e-03
85 392  -8.7245865505493708e-02
85 399  -7.0929579287122513e-02
85 622  4.8677347894950200e-03
85 659  7.3923714361079727e-03
85 724  -6.3641611872301967e-02
85 875  -2.9422765947526783e-02
86 53  -8.6774688764575281e-02
86 54  -8.0145962532499684e-02
